$ANSIBLE_VAULT;1.1;AES256
38366337373031376261373265333264633162363531353332663061616330343133303532303637
6236633530356532633166346134333263363131316161390a613433636339653034363735373236
36643233653666303039616135376137666361306130663465366439363265396334363364396465
6365356566646339360a653930333364313836336534646237313233373163636363633132643063
30333737363165373165613232323236653562663231343232326664616335316265383761383563
64653734646335343062353238666236353932653137363636373230343838636433633261323639
63376136366136383336623432656138363565333261373331626636636637313661356363333066
31616339396465303538633362636537646366386338663665623737663236303835323735323138
32393936633831306665376432636165623834303134343664383632346231336666383164366439
61306334663835653862393432323833393430336233323138656162313931326337336133323035
36356330373533353634626331353736356438386537326166643264383536303834326537373932
66376363666333616538326263386661666535323531306132393934316533373632336164613731
36663466663739623535636439623864656238653731636162363761616137626166633733386535
61353637383830303338653139353262653162646231663364326562343935343135366561333036
65356164623961623035356663653034316138656536643531393539616531376434373066356537
65636466653962336661306434653331623035393431323363363432393530613534616461353936
62356462343766633635343533313966393730646536643963346466636663646333646161656439
34346532613430623263636362373265663634386363366563616366653634666131643132626463
33316539653536623739333836666435326536363939653732623263363666666336663832376630
36383035306335653439363338386231373461633239636362656535666534643966656336613136
36623261646161316663376639303339613832353539656433643430363535343737333335626630
34326334396531326465383730653934313330373730613530373336623463313235613562353834
63303866626666373065346131636638306163313964656233663539336439656531336230656333
36316166613130333461613436393764383463393161353563383031663539313732336634396462
63626664666566643431656264613933653132343132386631313836366666376139396635373930
36386634333136616662623330323132353634393262616634333535613435303866346132366465
33313132396663383266306166613835663838396232363466336666343761623738373663643238
34303636643334636334366463613431383739353838306361656466346364303233313531366538
38666635376465303439663761396162313665623234653134626265303633313065313863383431
30363664323866363137393734346165353138653437353163663030623466313465666636633639
33393735323762313537616464303835373336623166363435353230663637376230613934633231
39376534383437616434353763346637343561373134313964393237353730653930376262663134
39323134386632636638313530616461323337656566626363653662373631353637323761393165
34336461383163393630303837323362633538313632646230383633306337303139343237643935
32643639643132313361653332383561376264326537653939383336383032333539386533323965
65366431393734383935633731623165393339353961363431393133313933633239386266656537
65383962653530653461373363626133363066366564306230633766353338613636643165316636
37633236663462336533353633633563623639313433303030376137313939306363616162363738
37353532623764356663623235323932666138333635323431366636396466623032623264643261
38646239373230636261643032633663633431356530613031336363613663336133636561386436
39633335656339353365386335323461616434393530653164393330623931626565653333333638
66303966666362383031393938306164343566376238633230373963643933643137646437623033
65363432356165623963386335313737636664306639623730343133633036666663633835336365
36646130646135373066616636636332663563666265383439323766636362373766663937623935
39626431373362633134623031646431313833616432353933646330343230333165616135386634
31356334396438633530346534333338666638653937363331626437383262373138323461336438
34366631383236303730383163303564353736666562666635376431363032326266653962363563
39306434366634333266323033363131333234626266666238396165386532323562346136353635
66326436643332643562376434363037666433303932623632306531616333323033306130353163
33306630343830346361373066666338633732306266343363373638343361383036366462373066
63343162316461636333316631383335333761326630343331386461373731623039326430393536
65326534363063373765386635643435653762333737356566393366353431343639366430346232
66383164323036323164653663653736353635626233353033333833616161343665386265313132
65356239616361623561643637666564373632636361623239353439666439626139623661646530
38613734343530393233643164373664393434306133396362386339363135613138663862396663
36366634623565303335643661623366313735373063623236323635326135356230613761636330
30646332353036376230373265663136353531363234393132323233386237356264313866306538
31353038373933653031396162663333306361613733623333343662643231353163666265343835
34373563303236656664363237643736636332613633366461323833343532313936623730613866
65366332303565666166323961623264306161653938356431633730656335353035623539636131
39396130623230633763306666643033303439626633386162653130353735636236373766343337
64303533346436366465343464353530353937303966353030643562316265393162316431623937
32303165653733346334623234343131663065363764623464343539333661613035356530656364
34666461313063623830663363303236306431343861326532666164373664343461336530376464
36643630363836663230356363303763366537653263353765376564613635343436653136643834
36323939303134303435363832613537663030373538316133386136303966336334303662333731
35306161303162626532613336353033666564313937663933376462643061353162383631636562
64316538656164636364333237333230653437666134613736633462323430313964643066386465
38646334313866626434306537646234656562626333663636336164346464663235653532646464
30613333396437383666653938386665386361376638663833376237626462383637326132646162
31663663373762636661623965663161333162383034656263336131313239643832393566653164
32303966366637356264343963633666343531353865373738663531373139383233393530626265
36333534646365313936383161656663613634313436303163633831646566633439363034313133
65623765663333353234646131336361333830663436336630303438306665633065343637386336
36326163376430336266376538646336303231643361393363646632633961666463663034313237
66663137626630616439383465316564653465366433653332306166326537353761333363363638
64333038303266623935646633643932303763353132643637306464326262353266646235356162
63316631613531383561383966393965336632613737386335653966633834336164633838316230
38376333336638303633373738633065373530613739386639326537653731346132653333653466
30663761613636353165363064313631626164653964653137626332386565303832646131306633
36336535366237343034663835646633303763613831353661633131373164393431373164313134
39643331643333333562383764643934343930313466666231616432333939386365626638663063
62366561386666323936323030356563613362383731336338386436363731363365313664333530
61356431366631373639646134343635316234323266313238366662313765376465353236663531
66303035353230616335356161643062663633306261366430313531306266363833316336363365
66393330393034646164373763613765303461386164376562373437383133363463393239373938
63313636663632366464373037343863613530616362316431373063636638313834356432663539
39636530646531663937393433323364396338386131373361626534346665663138626337383635
33646566373234356335316632633736373363303134643834653737373432373138653336376330
34343139653438666137323166313134663461316364343965346135383964616336323437623831
37633834356138323638376630343262306562366262313462323239356434656134356535623164
39376533646239353562363632653230636531643738336130363165316638643833373330623530
39376338613431616661343333373334303436313461353366373233363335633737663063313161
63646230623862346566623964323636393839656638386366346565383139623264373130623731
32393137653735653865366637306438353766653330636365353862643330326333396432663634
65336232373839336438653738326462313364343334306530343035633064366333353039636265
66376638613337353237363036373032386262303533343063623038353262653463343937633264
65656431306465323139653739313933626630383461616334656536656536393165393864663734
63316463393231626639643365353666353866626437363432626532343732336561393535636365
33323134303632643264376531346339386533633064626431316362373465633962346162316162
35333631333465613366323630626630666239326630323730316466383366386264363963316430
37633966356561346565393166613231363362346635646336323839613064393564343230353237
34323630396461323836653737386139386636353836396364326635623462336634353435343764
36356535646230373966313439373436303364333161393337626661346365313465616133643239
34646561656331666436613836666430633465313631383333363731616635656438616430356539
30336334303938663037633937613833343939363364396461666232623038363864626133386437
32386335313837353362633966623839366533333164363761663039323039633263656633336336
37393236656361623866303739646135643339356439383238303334613730303265383833393232
35373461663561646464376532666262383465313236613538353331326262623566353332666532
63643561313535313662616230303061343662353264326137346533663461313761313932386234
33393338633232666639633165366135643732303139303864656632393238613761366261346136
66383638653130623136353565356364326437343036363661376130383731613634653463333566
63343235626332656533623863626365653132323864313865323461663363313234653131323638
35376362306664323134353865316233643031626439313635373461396535656364643033383135
63393362653430336337383536306264643733616133356631613432303363323238313164623466
65316330616236613835366133616635323964386137626165383232393565303234313665303230
38303838333938343038626135343061643137393934366234613737373238646362633830646330
35613434666130303733356566376535653461363463306365396464323939613438386634623833
38393532633463343765633531346431343562346533663834353062376439313437613634373137
35656130386132636135303730623561313563343963653634376661323331333932653466346237
36643138656334623566333466633765613462356436316465313539363931633064393336303133
35653838633063353962333336373331383361656335623536313764303030316335636633353163
39383062623737396237333665323939313934663232313531383661636636353630383962666530
36636534373062653338323639303234366464626231663466653765646339613631646435643363
36313038303930656261633233613534373034646439333162393330633764626630643735353735
33666163323530363861363338383763626630363338616333303964313134353335333139303131
33313938343362346432323538373562333330623962616633623936626331366562313533633566
65353932653037303663643462663934613863643938303366373038663535643161613733653435
61303031663730383963663935636231346361353066383763346236646163666561396230353666
62383635393035323365373264323637323564343836366266613538363062343533326534643663
35333962636465373635356564313832613562303665303864366337636637653862303239363061
30343262366435646362323462616437393039613237356133346233646566623436336165343031
37353231613066323564353236326434633935653735376130333437653930373363633465363936
39306231643038626165393163313030636566346463383862386461346263316433356139653533
30366532393535643338653065303836613065353564306530306666323231666262656666663334
38333139646332366566373730306130396333386539666232383333316336363462383065316134
30376639313462393231356564396538353136626161376163653163643461653030346565396362
63343731383061613762326433343736636364643963656134373932333966343330326465663837
36343764663165303237636436306635343034353364643132383065346435356165343338333337
62643335663132343839653461356333663934326531386564396664663738633137303934626464
31376139343031363438623865613363346533646537396263656132316434343431663365303663
61323463623565656362303562626665626662316331353337383036303565653536313932363333
34343733383333666536303631396564393663623530343863646633393837386263643135346662
32336564663134393439346130346437633861393062356238643963336236356432626533303964
36663935303232653764386564383862383862363935363438333761656665323066373263616534
39363734623161383363653339363739653035636132613836633736646565616133663733353038
35346634353530326463646139626337643332663733636436643332323337323962383334343037
36333463623162616463363533386364636431383436386130643835353531363763366166343165
36333036636530633832386230333433313965373962306362393563303865666266386662633838
66643964333936616537303837663966333561366264343861623161326661663265363434643236
37353165336438313630633765626161306261313561666638633032626531376232633137663463
66373739663339346264373862333632623362313231363230663566363662326231343336613634
62383831353062653437613832303864623837353938396239303561643232623861613639353837
33343336383934313161303634323330326535396534336137636363353032373861363934303030
37633662356139383730396564393537636534386330366263323439326466663061333031656434
35306238623330636565376437353561383435666264656333343137343430613235383430666664
31336434306463383165656534336135323866663439613139313266613834393066346166633733
62336262656665366531353036396130326435366663323966383865316235393266306661383262
64326130313339343762333932303261613236623464353732393764326635333231393733626532
30396631363163333235656532663164643938333433353232373734313962373230373963356566
31353939363230353535616261383565346130663866316130356232666139663535393964653232
64363765376234666538643666366337386163343230386164613764663738313162346635383836
38393935636431643536666131356463376437306230383363663461633165386266656439633931
63363835393436623565383830393835323238303739633061643965326139623831303933313165
32646331383266343036623331663066616533303837373832383233643863663336666331613931
65323462363035653432633637343261346464356364316234313037366165616131663336663138
64333534346135376534333466626131613365633137393661653837646162656436363033306239
38346539353365376132653566386539323735323730333939383538616664316165396163663639
34616636616238353935316665386333373438643931396536333739333366383966326466313330
38366563373939643732346364643864346531393933376364613062613332353834356466396432
38613930393639316535653664663832633265306431396432313363663239326161636239353736
63633131613763383737626233623133396163346264313532636535366165333239366136303861
66323663306563356164376432663534636566613235613837346265303231353165393464363035
62313234346563656161663366646131333363306365646265636236353232353730643930623364
64633864393134393565323563623964643032373730623639613536616334306432303839316230
34376234353461646431383836393635306235396562316231303634366236343439346634356630
39383831386238643932306533343064663262623830666436353933633535386165363031336633
39366532623033343536323261363133616363636135353631306133356634663265393539306433
31643465303563633638353863303733386630386432356164373439366637363662376139643939
62353034356133633365303236613030383831316266663033626662623436633630653336386138
34363634316131366636353866653061363034316366613133323234323239353965643736393933
62346130396634616637313961376636623137336235626364626461343763306661373338306438
61373165663963333262373033346338633732326538643838353766616434396666356130383630
34303133646463626336396665303263626338343666303766646433386539303332616630373438
31353762396330336237303662373133656437383462383465646136323736663065643131393761
65313832643830313837316139626438333336353062666537313632356261613633313935393766
63313434663737353637653162373735306465646439666634306365653731633431376161396266
34336165353265663936633339326634343466656330356366653065663239313331313038386565
30623938646233636563316463646665366536633431373766653836343032333039383236313931
38356563623536366565636266613133343862663039616236656266613866656563396136323563
66313734326437313738313736306532623863646234336262633039653062626131393439383565
31663831633933303966623636356435386630336135636137313261376432353138393262333062
62323438646466323839323238353365653634326433353438326534613532336533323137383930
62633139626533646431383333303833313331313039323639643631613735666464326338643537
37353763653763346261303934373933346636336163313164613865326636383233303938333862
62623337323834616335636263633465633930663236623036313530303664363733616435306666
36666433626234303537663537336563663537353336396366633730386431386331313939643635
34383463376138333366646365663363346432323962353062636534323038626338376532316164
35376661323033383531616337323735326563366339656465666332363064383731616538653535
62653664323734666132643865613261326566336664616562613833306633323331313661646266
31306433646530626466663331613739383963653335333161333035643230623564353537376639
32393661663961383863626365386434306237663961343663663063306234313161633066316163
36663838373265363261353432323936363431616664656136386531376335306131313066336137
64623364623461313335336130376634373435666336396464363538303133316634336265323839
30626263636466323166383963343736343337386136646533356664613563326332316236343632
36633636373565376331373031613639626337656133373862616334393932303363346435393464
63346266393232353631323539363935646534656637336634323764316237653836393439373937
36333536656133646465666334643661326264643132366238656533343434343665316466623232
39613063303131363537383163333136636234346334323336613264623035623838626262623661
31616537353366666166353631363365303137333361353664633034326139303532383264363665
38633031303934653631663764646436323336376632643439613436363266663133313337336631
37343138343038343931366262643133316366666431616465656138646332396431616638303466
33613962626162636334623963623765393665623937303633396435316465656162386631643961
32393034623765633132613061376631346164336136613036333630663066383630376464313734
32383830303363316563393531373934373565313630313634653235643535636132323361616238
65323265623831343837613062396237323839663066356339323336356532366530356165363164
33616131313164363733633565646438613361343538386635353232366466356338313566643463
36363137653161366531393764626331323365333266363131633936653035653164613631613163
61663364663439353631366335366266313832623864376131326534343338656365353130663162
65313462346232336563336564643231653362346538393763646139366436306231316530623266
37636364346661333035633066396435643732343261356430343530333065356236353437663332
63626637646434643635366664646462373862346430666235626234646366323164663439303762
35393930636631343462326263326638363064613866636366323235633137386463616433656639
34623939326662633534303866356539316461663439313633336237366635326363326534326363
65336461643363303734356139393030343333653238616538653564306166376365393336393333
66616439613939393465303766333666633232313935303463626431376435623033646234383464
34346630663236636331633362396563646661623165623535623430383533616637316639376136
66616664333337613235343765373035656230653333653835323438633636373337313865633936
65376437636232383434653263643261306562663962663039373465616433303962336637623365
61313330656365383464373032616465353962323530636433643261613233343935323134366462
30623037306465346466353762663764303064386230643137646230383165373936616636626366
64623531663866626137323930613037396639383735616134373061616436333163643236363330
62323633353666373863313365663032643236373831373534646533313761323735336462623330
36376332343834326130326563376564323763666461303138613765633339666138356266386364
33333231666234353332613864656534643861396235346331396261613637393061393961313235
32306632336138376634396337333138353230666434666133366666303766623933613230636134
31336162626134313236656265313262633032393530373064613631396632383132373535653037
39643063366165323739613938653834646662656266343735623438353163633431366264313033
61356532373234616434373435373832616339613039623561313563343362383161633236383934
63343065666338616635363530363932356666393564353233663166316337663565316532336234
33346336643364386334306565326533316262356662383464623037343161333362323030323861
66646131663831646262653337633833646363303431393830663535623764636238393061326338
30313964386534636461383532386537616461393661393962323865373530623134356462636130
34626230663734343435323232353361303332316537633636326363636538346534306564633337
31633862636633333861666536306161326561376265333237373439396464393038346434326437
32386538383337356163333334363630373466376435373066616431623161623337326334353234
64373964623566343866303466623839356535316463393839366463613434356664646364376161
32303933313033663664376461363035326336353662343566663133376434316365613566666531
62333633653638383438636566316438623266336565376266656431626265653630346230346437
63326664386364353736393131636332633139343265656630313534663137323035383462613565
62386365333938386134396138366631373439373232336438653633363731653434333464366433
38626561386435623135323365303266643932333837313665356466336664313938353831653765
39393336333938633435313432316166306162663662653436396539353164626639373131363066
63356430663031626231316563633863373762373939363462633636303938383034636632333039
32373335366230656635313966343862646135313930653730353661666465636534336430626630
32623161653462653461666561363038323362643463393539616532623730643830353532643533
61346330303235613533633463626563653632393363666133303362633966383138666236366361
39666633626163326461386339343965323637343237343863643031336331646337653365343366
30303536643733333336623131336164333634313963323538303339383736323232623538656565
66613561303965646534636133333735363436376462666664663131333164663138383531363566
63346161626664373966653764306331663737373430643264343433333139333766323030393965
65326430666564313139663361383831356561326139646566646633306263356162363539626230
35366138373637626332663435386530626436353938366561373862316438313736663738626661
34663637396534633539653535346265663039396236353436323133343531306434653234633838
64616463373065616437323465393933356164616362653837343762386437343734303931326437
31333332353164616135313163613936633832666235336238623865393430366562306235336336
65646632653334663261316634346136326535666362633064366464323130363365663832613633
36613162316236393762343566656563383766653936623737663935663863386634646335313937
39363338323631383765343439643339646633336639646232323132656539326539646364333737
39613139323364346436633462363363316433313266643732383933383635333231306466343539
39653565613331393033303132663736376637383732353834393136333935643536643738646539
39353638613938636237333635343164366263303636356139613035353463386566343036626362
61633164313337323936343732353464643836646630663061633137366638626262353438636232
64636235303132666136343334646331343531386266346437353963633833346130653766393561
34356635613462323937646133663130333235643530323830366539333531303966346264643961
65393138303734373934373762303538646538303638306135613938356239386432326363653332
33316162313136393837376563616264643662626663643063353466633130666634323363316363
37626462643064633865626132663134393366613766323532356238616638326563373639303961
62623936366637663862383735636331353538373466343038656632383136373365353961383633
61656235626634616664666139373863366637323961356161633734383139386364646436343662
62646231393431303065666231383238346133623362343933396534653337346334326532613565
31323662343032383930323636376339326632623538343337666632353234666561323831346437
37333838663635376465613232353862653965356632383433306661346534353362613233663463
37666631643338623039326534353533386536613164373164383062363463383431346166306365
37353165393532366131613034333936356538353939663739343130323339313264663530336131
36333039646238333834366139323237656338613338383837663162323437323661346462393562
62393637653531366635386466616434336431343263666431653662633464343561646632343533
39363638343763656333353438613237393739633936333162396335393736306237393361383164
37613236633533303261363835333365336463373737666632383533626534643561356666373837
63396561396464626361393139653931633861623533663433623834643562666664643666376134
31323261386164386335643333613631303864613963373839656665383966376632646562623731
61363731636336316235663161353436343465373062313763643533663033343733653764333939
62313836336233313762613437313136306635626435396232626336386637363465653766323231
62656238663934613435333531383335646265363938323230366431353263333762313162663662
65643736636533616430373538373430393664323964653934303132633134666461633361323234
32333934363737633962626333613735366237346531613835326237663135633633316134343333
63393937386261653237646635663738303737643663663062326338623833333237326162613639
35653765323430383334326538313161336230653831336436343038383334323263353565613839
32326431373965346138323038366266316239333564613930383032633364386266386162353031
37333036636532393064626461386136316131396338376337666438363934646235636437643061
33353530373064613263363534326230326439376139623434653639353266393464373331626361
38393135316238663564333839316636643564393037323739353662353764396439303862326564
63613865376531326461386566303564343737306461383363356166613634663035323238663933
32383839333961633936373835633431333166376166343662373235326438323338343962353834
63366437306231626262386263616463643663636439346465616665303537323832336334383063
34303530313130306438373765623866306233376531633661343737306266323135393563636537
30323366353164336338333433663862356139366335653536353232386334393036356161643236
62646638346631623132623362663730623965393434383465356438303331633634313866386430
30643964383064656530306263343935326666356431396535663434383564643931303236336330
66643631376131353033623564303566366633323738353963636232313337626533363463366230
33656633313334353136306532306165616162663537663435323334326565316138653532363035
32666239313837333231326231636664626636643138636436653932313266653463356438393536
66336236363161363133363062376661366430623365316163383332373062313961333163336162
30313235316465333232613730613830343063353365643335643730316166393439623162353362
35373036386666373334383437313964633361356431313866346436373333613665363135313931
36613564313633373730646162666431336530383163323565313266316437356633663039303131
30643432386261303239653837373262313133313237636164383534356363393539656339626136
30393563363830346534616132353065393966366535653861653764376562376430666262636564
37306433643231663936666563643434623766383239343064353931306630623266643336366239
65383437366331353730346238363365323339373536356233383661326166313339393739333136
37343636303564306237653661303961313131366666323635373134663138393665636565376438
34393435353535666430666561333531363363666463346463616161656637393139386330346239
34643034663835356563643639313666663039666663373866316431353434656337343233336462
38376333326563643262373664306563643837383663333966366338396535326234333036326561
39333930613764303934373731313632363765383239656462326232306234633364383333616361
38313434303664386238303634613833633532383561643764313366313732376338343239343466
64396138666263306566333530663534363039386366613630353365613932623538643330616437
62663538653461613165353065303131643130373036623164306263356439626238383237313432
30653730353161303432323631653233613932653466366665303633373630356361333262393632
65336236666663306336333837613737316531346235336536313362313236386663616131636338
66363930343832386265353130636135346233646334643735383437646630653932323063633364
63373231333765323639666165383966616531613334306566623830323633636534656566303964
39323864306362363162366335313439313763643332656639643538666333646436373934313830
63663431363766326163636136626362363232363832393538323061643834303236326165363661
39306463353637633465383762333939333632316661396536636538353861386332663235336132
38346464626365643730393037346638393535396339383437373061386663656430373861383165
31353736653265363866633739326531353466393838623432646431666133313939336639326237
62336561613337623562353730313938633334613139376539323130313837333662386263613364
33643230346163326231313762643936613832373036613562656666346430376164613764613036
64376634373036643137343336313466643731323733663762326165646434363733343564653831
34666439636362626138343761656466386361613831656663313764343136323065633536633135
64333736373164623133303932383737623533383230326131313734613037363237383363376233
37393130636566383662353835646562313637346333326336343930666663346131643034623865
35383532393532383037636235653462306162333139663438653363366135613336613966356137
33373536356135343864373635396230626639346638393161616135656164336261643136323737
64613630383530303534316333393837636430373261656539616335386139343536626131613234
63633466313430353163386230646332656231353761373562373364396537643564643265363566
64333036656166393865646537353333323436643965363466303935396366376266346333326331
31396339636461613061613062306432363362343835353663373261303936363061613932636236
35656631343933653761363433653534363339336562373464376338653331353438333033343663
38306338373230323462623165346264393830363466336164336661306336313162616264636166
35646333396633636230363832626230333631313666623430323330646635393535613866383365
37613066303365323236623530623433323961313834623736363161666565366666363832623861
37303261653933643762656432366231626438336462613861396231343864313464376534366636
65616633363632626563646532383564633835363933366637326666393938376165646161646664
32396635353532333663623334636138663233616531393234633832333237353666663538643765
64633030383634393233376564613566303165636663343363333536356130646635663433643138
31303536323135613137373262356262656235316537393737306132303430663132373134626231
34363262653537666233663331646331656339333266346235336239343539653933346430653736
33383830613162656264313739336530393163613464653935343733386462353138633839643338
62373832613830363266636630396264343835373535663938306365663462346138343365623834
65623763363936356362663638386431393531356233386330623361366433623865656439626466
63356330666537316661613462393435333235356239353865303538303165323338386137336133
66653434303636613336633230353965303933326539646164633138383539303234353939326264
37616663336666366330623332356666316566363434623762313165333066306330383232303433
38653736666566373133383638333065613862326635323961386665373638313362363737346662
39346633356464333937303731313565313665343663326265626532613736396130346564373665
62376532626139343534373961373737363961643866343663626162353135373230626231383932
37653733363163343436393437396234373339373166643034663063383432313363623961363565
35636231333763633836616238363362313664623836323464376135346230386636333964353534
36393465326533646433653964616633363665623761356433343739316437663166663134653737
34613261363834663031346437663436333036643233616338376431313036616338383763386138
36386137643065613462616537633530663338633239373839356431666266633365363734346338
35663765653235306633633866323334356334376439656665343564613736323261346339626637
37346530653865626339343866616434386636663461663765323830363630373638386364313333
37313836616133626139633834316661353235666339393064393235313162633163326330666234
31663336326337373133316363383035303562623161383065643537656132663038316430303134
66323962656166396165333830356564646539373964363731373031303832646632393138333665
64653161646234376362306662633033373439623337393937333439646566353339646464303834
63373562363335656562326130353737343864643665633034666539383234333963646364643066
35383335306331323830366366613839313938353836316536316635333830316239626530303261
38626333383662663132396262313965323738323232636638353561323435383035343232343765
61373839373261313639356334643163666334663439626433643164663530646432613264383035
39643437346263613761623162646631663734393736343762666362646464346638616261396162
63623164643534376462616134363065303735306363646463333337643035386661386561366630
33363432316431373032663062306434616563373334363765363664306363393961306364303564
64343833653030633639323661626631366632353430373964373039356238326237333165346364
64363764626534336330656136666432313633373737393932656366626263613663316266316165
34666664636236306333616631313935656565346465333262643466653462646563623032346561
61623338326133303134663165396131323535313138386633386666353830353739323563613132
34613334353833306262626464336537356232653161646531373263326538626266336436656135
34643738376464626234306236346133636634616335663765356337393933383834633164653435
32613939363531326638363738343032396537326164346439656636396166626163303161643265
62386161663835313465323734393735656662363866363731396465613937376539626430613933
38366266363764396664633566333934373632656232643039383238336561386264373661643965
66356530646261363132333961303634396239336561623561393462666262623335343164663064
65336533643865653337386665653636623433323033356234393034333165643461373438653264
64343734323235366563313531383738646339313634386332626434653739663736373862623430
35313130656661333036353532633539343966386465313531346163633963626135316637663334
31633339353465373735323531646164613937616136353633386531613332373936636537656662
65386637363431323536386465653736646631363232366661656430376163333231646332656534
34386662393835363833616637623335383163613030363766373966306132386137313432636361
65343063353638636165616331643765346463383832376530636363393635323838616331356336
62336239373730623063663633343334613533393964323630326262613030323965383033656461
66366638353266636338633339613831656534343461316337633935336239666561383033396638
38646533316235306335623166396333616436646161306431303264313663626466303838646632
30653931626537356565646231623535656463616238383035646165303037663933303064383063
35633433383735343531663964643235396337356235313733383161363937396338373735366632
65363436323033303636656362373334633233663136366135353036613533323933356265366136
37303535346161653232313563303935666333326364306335333539366637653539633131336538
32353031616361663262646666653661333063626161386436306165613561383539373964363564
64646663633763373566623430323639313735396433656336353631306661353932646366346466
64643364353932396530663861643531346635653261353261333961353961666233316134616538
33306131323236633635326264323763633863333262616366616337313664316336306463636331
66623735303561333731646633316533646131613638336564343465613633353837336663353065
39363233323263633137383139313630323761656366623665353032396465646537303636313734
63353834316439663765376262326465643135316263643038643565373365333066353132633562
30356662643232353834303464363937386561323834363232383235323536383637383137623537
30346536303864363434313137653161653163303139386236333434666265616431343734383661
39373866386532323334653035356639653836323533633030323061393937383338613261393664
33663261656239663437363063363231316637366264623235383234643664326138323033316462
38333863366437323635623162393836363438306233636232376437313830633337363233353338
38393833336666653964363234663862646238353361636138333736626265356635343132643334
39393764303438633564633763633438643234316639343266316534303665306438383963643337
63326435303833623933383633326461323930623261326632646432306137333966653162646233
65313835313666316462373861303330613833343933303362363339653136366462356232663562
66356663346339316533623361613265323962306266363863653237333738376637353137653530
34646562626231386439663432623038353230616561303933353431663337336564356666663161
30313438633737633836393963303733306131643533636163363763363861373733393731643364
66333632333465636561333661323333653234303331386239333863663962616665303337623533
32323137306265613036316439333435636162653636373334616163386263386431623534326638
61653232623635633662386332663633396465303338633130613564333031346635363634666365
39373564356463663538366336326364383135616330353932646235376666393563613562373435
63303138306365643632323434316331306236613964643837623237613738653263663532303435
34666539366239353637333163663038313765323338303138356336376532313233613866623865
37613030323664646361623739383735333863383766663634353032356431303464373966356366
61653831356630366135333733353463386166646632613532666531353165326236343438333335
34616234616235356330616433633366633831313330323862323834643836656163653433633330
37656465306565653138356235653033313436623134313066616139636466313864336532613066
37333264343864346238626661383762313130303430633136323030363738343639383330653863
64383933616438343663356139633331373135623130643034313864383165356461393139666266
34376535386262346239393130613130366435393533393662316365616131666361383139316632
62343937663866346330613139343933326339643863653339666466326436353630323232363366
64303865393738386237653565313763356636633266393539303261633537623734336534633735
63663761363435326237303231323330666366343330363430373363303932363561393362333365
38376461383261393936653662343332303537306635633062666139323835643537626164333434
31323462316532643563373735663735326232393438393565633165386530383433356161376530
65333732303766326666363231323536633963666239353165376361303064646130366564623262
35636436363430663162383735393232313134626639346666366238376633316165623164393339
37373931383961366233366539356637303934343939633036343831323437313736323938653230
38613664656662386666303739653363326564663339316436636139613231316334386264313665
39373936313235346465316630373138386332313231383062393135316164623963616664313765
31363866346363623663323939353837646136323062643465353037386636303435313431313433
64313438346133313530343265383465306138306561656433343263653164303732353261363466
33366430313966373461666634306465383537656330613666656463316437396364656430373065
35313134313861366265646637383166373430343738326432326263643239383761353239306139
31306664613761613134326232323034343936373666616534643537353935626561303863323534
63323164393131373639386636356666393264383437326139386362363161333935363662316261
35613561356264633932343533346538653033633033646533363865656330363131646637366362
35623565633934343836316266303438616264336535386335633836376432646565376237616134
34306436623166386161626663666665386232636633616633366539393233666365383965326666
61663436613661313464636132636635383832393361333963643630366333376465383365663162
38376537303765323763636231353462333530373334363339663532363530343963386239316332
62336163616531393339623064333934663334386534316661643736393761616233636131396562
66326464313039343465386332656365393963643361663130393139623634326639626539313336
31353862353539303732343932353362313662323861366464646230623532633633353132373930
61306365373262643065346664663139336332323438616364626435663462653136373337663239
66356665353965666337303862383364653365376532356436363335386533366364383637376435
33623530633833646466616364343032396164623739303963356164303961326633373934396332
39323362333363623862363665363931663830306631316562373362626163373033366365323336
64386330656439393733666537613563323138386165633932646263373030653237303364303132
34316662613336373963323265353066643637353931646135373033373866303564343361653464
39663562633836326565336130313466336533613465653761313234643233363730613437623963
31666661643534656231643233643335653038373462386639313534366364356431353839663966
64393039653662303233623163643765396162373564303536373139383936376636336134303930
31346537636339643263356632363937383663313639376235346137646638336630333766353064
32323366633937313934613265336234633663636663613565626164623266333263366133316232
39616333326265316330336462643433363339633230623637316636613033353735653537316438
39376366653934343033623437366435343333393264316331396335626263333038386133306261
32666539646164633039336434343737616630613564336132633834626461643737306230343136
30343961343833383565313534643334353631326335663263633736353766623237346530613761
35363039366562386130346565636662653539643836326266663135333732323063653537376364
38333436313032626438613862633438373535353363663734373434383131636637366535386262
63383164303665376562393330626438303062343430326433333739643564336539373965613238
65656566303663333335343630363361303538366131303836613939323836656463383436383262
35383564306461653437633739373835343062316530663062363363333565313230663536653866
31663935663632623238333336373265363230326534306631353233323735386635343463373366
35363665343938313764356236326364393261383534666132626231393133393535343865363362
33376666633663666461396239663037633038336339643736643332666539663430303764636135
32336432653938633236336133393230363632343861653335623636653365626264303638633137
36613363633161626464626464376366313933353237613737633365316163353731636337633439
30383431633533313966386261616564396561633631393634343937646238353961383263323230
33663432363139383131356133636465353134323565343366313038666230393264616439623862
30376533623735326566626462383030653764306330343232653239343661316461373166656466
63613336313966643466663436626361366131323631393264333632613631306439356537636339
38303832396336386666373833653631303632363437346166396531323432623238313838323164
38663965663561366334623565336235663936306137656231393632373930656533326162643833
61303461613862616430653564363630633864313936643064373262353433386162386533353034
36343461316430623134656366373564643462623363623066393137613566653834383436393833
30636534353765376463646632643832313632303863653631666661393161656133303936343836
62336465346665323330666565353961306232313361383064633665303863653264326438393837
33346435316132333930383535623133383833373233653930346562343039643133363933366631
65373935336432313365663935306664643631663337656334343962353566383466326338323439
66353934323738363630353930323331613036643436333837616238353131326365343535383861
38313536623835326364393161373964306232663435613237363165663335343338343532366331
62633534383963646530666463666539376230366263326530633761343462666163616633663966
35323764616238613763323964313862663939373465356462613562326136303631633134306265
66326332636662663562393334393637363739613733653766636365633634346631633531356235
34356333323434393031633835633739653934636166646538653164343563363635633537613165
64663233633730373537373561363938323934633166393531316165363166366330313666363865
39656433393037376162623433346266613433663937633635343832313864306237626637616430
38333765343564623232323662353161346664646636633234323465656565353936366364373465
63626161353739323466613462363839653663386564333435613362396563633839353733663934
39663139656130643963363233396361306665323061653561656237363936376434633562353762
33613636623265313165643733333661646539303266363839306636356338646638636566656632
33326138336464383136393430643431333233333435393337653365636132383266353937346532
31383437353139313936373339383337626333383461353436316531386339613234666464303934
36346361366437356537653361346530613366616261326136633965333737626362333130396565
63333932663238313931643138653130623966616663613766363631613563306266356337343461
63336432323932386232613738323438373636343665643462613465303337363830386166306138
65656339653238626263316132366432663438343833343762323730373037353361643830306561
30653930306364363437393132663238303864643931313462323239326166323262353035373139
64306438366533333732313461643537613331656130666162643265366234316463663435636537
61643139363637373264386465326133313262326165633864303534613236353830373935383934
39333632653132336336363232303837316463346133663933633566653764646564393432623537
32323130653936343734616336643137326138373764313865303931653761663361306438613233
38393739373062363934346332343035346332363931396239633032393461633561336331633164
31623363366662396232613532376233623631666336393864306132626332663639366339376536
61323737376666653262373136653239346635303765633931616264383832373732353161346361
36393561373462366133323332636435366266336563653465656366646334333862343361333263
32643539633838653836336530663866303138303832383139326134626437363165326264326666
66356537383134336233623565373637353563633939373739306433663936613361343033306433
65316634366433366162393939626161393236343032616362373631373061323239323763663231
36303364303832636566626437373638373438386634376561363036393230346435363730366338
65663332376531643137616461623862346532343931663565626463386332363534343062353132
35316638363530306638386538306531333033313664386336356336653363353364626466353537
38346335313039356430356631366361633731653737373038343638633732653532376363373630
62363335316363373239343535373162363966613866626130383938323566636631386637306135
65643666663138336264633138313532356437656161363230363164343065366437346632313465
30626462313663313834653963313364623565383362373165336266363462626130646531373839
34373539663236303231346137316233356539363330646135653163643033633236623537613365
63303935643762383735616430316562656236653063333962336435613365376438633164343634
61623737303933626665303335623235366566613639366331343031386266643538373862346130
31653932376262633462326332663361323265663738356532643736326638376137396464376363
39656538313839336632363738366133366332386366396138366137626534393563336462663134
63373563613064363030386665636635643665306433346564656162346436383864343939633636
31373136643865303262366335303565653230373333333261393538653236383861323938656139
38346363363836623161646665313665623766373363376363363562383639643561363136373961
34626639366130323965356534363636323630353339323537643732333464333435656138323632
65656561346461643731303537393862363864663830646264386637363964393363363431383361
32623231356563653933323237356634316464663235326662333937303738353832386330326564
38313632306337666337343438653465326363613330646630306165623836333362313463626365
66623065646434633861356162383762393564313561363163356438626264393435386163666432
34633665313539313930333464613161343564636439323138333664363066313730353166633065
38363637393765373130656232346633643737333633356230636635323335326262636331623433
34373564393631613238643636306534666439386634666438303734663831653837383532646363
30313962663633636533613662393834383636656234386237386134383835633666346337343164
62643866313061393064643563343038613437343964323266653839383337393830643834343866
39653631616131653563303161343039316663633762633765383230643536613238373133356664
35363330306664396264356232633937333038373265333265343033393262336265383061636461
65613235663336633462626531616633376665663939626631646136346466353238656533376133
63313733326335663730346561313539623936646466383561356462363763613032623766623332
38366232346230306333373632356663376136306631623235643762393139363966313462343664
37363439616434363933333430396133343936663031633030333163643437373236363566613432
63383361616430626530623665343938653165373537306635653332613766623963643463326236
38613036636531363336633233343532363234303262393738393562646436623338313439623931
33663565666265343635326230396262633836353431386231613461646263633338346666623337
39306530393066326663663136636662353366653331343264633635666363333864313262386366
34646361333230636535393965613231326634643562353836363132666561643365383463306662
62303538663935353930326363333530366663666638303461356331613664323763326362376265
64623635306334303364373533643366373965646132333737343037613965376239653463303765
39373735366435346664646662623733303831633533323233343930663931393465353939313561
61323965653336343731366239393031376339616566396432346162636561616462656165313161
30383762663034316364653762353431346133316231653331346535356566383465383163643038
32623135643532643737323665376533316166626138616339623436666230313738306464633437
32306330386664613933383339613661636262356239663731303862383966613839373166666331
35383130303837333932336130313166323163656332666332666435626536363431346332323133
62313163643966313164653738383931656536646463653664353830326465616638653230633532
38393538356630346331656236363837623366366232326430636464343734646165366436353931
61316438643834383138613933396562643031343961646563353730326466623733633233643166
33323066663230383863353164623937386236616363633136623561373837643765383830306233
64626561616466346266336563613263303864656665613432303934346633303233326464663230
37363762643966326531633832626266643837653130663134323038616335613061633463613062
35633637316335396562373663613366373636323133366462383233633564393832386561613162
64363031363961386136633137396536303965666164363036396533383161646437393832666431
33646333333232353262353835333064633266623431353865626638623163613566346437633939
61316466323433623339373636316236643862666135376330303737383537356563386133613762
37363132636263303037663862663865383164323834316239393033333363616362643332303834
30363639626539343432643030356331343931363035323736393530386263306334326463643836
33313531656438353164373433663865336537626431653733663539383133623762386433663938
38376531346161613037353639343437663464623737323763303264333532643035336634643837
66646133613834633861343865393361396464386266376631396265613464616132626463386433
33303432343537623262623663306435633861353837613337636631663962316461633734393134
35346564366139313337323432616263623664353432626231623034326634646330333536383737
36633632376235623738393436393665643866393463323162373538393765366565313135383531
61373866383534336166336264396638373965376463376236316138623162373938393135646532
63616263396664366330623364363837316239613835373630643035623538336631306332646137
38323064313831343733383064626566383233303063396336643739326430396539323161353630
61613534323236666234653733303839303230616265353163376138313039303861656634653034
65343861613862613063643466353435303962313533663563396335336437623837383536633235
39356239316235303932353662346533636563376435326462363632343864653232383236343636
63396261643231613639623735333536386535393261316636646532346633643039326262313566
65303831316535656332376262373234383131656534633931303139343132633062623738373030
39383937336432383463353866373236373665313865666663333038313631373562313866623862
39396633343033303034393839326235333834303363623531366666303833383936633033393664
34363633643362653734653930313835666663633235333937393437363066633235306330656334
33646339663536386666633039393563613337373233666361336132383833653164646539383434
63326665343138336566336561343764613939646338376663303437363236663837643936643866
61663433616239363431363863393630633431313264376637356639313062393036366438653965
39626134633739616563616562663862376238643231616163323231353763396565643238653735
36336434313239306565666239386463393035663130623962623062393066353464303765623933
65633065653034613031
