$ANSIBLE_VAULT;1.1;AES256
37356162333064373337393533626430346637313137313934396466313135376263393161356361
6664613266373666303862623436306337313537386136300a633135323639613061393732656531
63326464383635616233326330643765386538653731323165313461356137326462613066643766
3762663563383364320a626339356432333532366237633838363336633461643530366438343739
39333265393334626437636464353761303233386538356136373130303936623832633865303435
39353362643063306532336630363338353932316535636133653636653435363165373464633636
30656636636636343436333938363061643139356164636639373862393631363238386438316531
39336137316432663233376264313763636534663632343166363864383962663138386231386634
32383566333432323931633261353439666339353534643436343238323362393833333061366234
64303732653362333638393665623166643565663631306637653939666562396534373764623438
33356262356538653638366635663664313235643463316537303733666535636461373263323338
63616635386337353664346262363866353564633565613364386133613135343261353237663139
64636534366436666433623364373534356136353133316636306539663136653139343338366463
33323932376138366339623534353232393239663162383535376239356665363063373133623862
32323363313565653363623162353534373735616532323364353966346539646631613736623733
38306438353161333134666532663866623538346237626532343034393435373661663933383637
63333838633532353934363865663861626138653136633761316133393733343864376665646538
33373037656166646537643031383963353736633737323839313739306136643937343439316633
30353565303063643361613836346537616535383131633264313330613766363733643836383863
65353033353863383661663839363330393237386464656562626366323461666533636164656534
33356266656364303736363461626435643330613566313238666437616433376431313034303432
34306263626236336566306531313565353734623432616362613435613334636131323833326462
39343539393531303761386237393137626365323539346136316665356433313436343534623363
36613161373964353737313366643030643231643263313833633063343231356364663430356632
31363334383062323664613437306662343932373633326662356638303962386633363237383562
37383432313762353534313265346165306561303566346633393335643231383438653766333035
31326335373135326336623965643161323866333530636331333062346436346230313963643236
61656539363237356138323638383130373534333839633863653366633932373135643039626435
65356436393462376563656264623633393031396539313633656635356637326431623230343531
36613864376634383537623766353535643562303234383562363531306333343832613431373736
31343737316338326163316135306336303938633561633333373061393464326435346336303533
37333766623938336462363331376637323261633963343738306439386436333066353737646433
30373431396435613430653235333332333133373836316532623434363830353831636536386164
35386230613231646165643334316534313437353539616361383363613732633135396539663963
30333564636163313163656432666266613364383066633931626233306638666364666562313839
61376131336661326661646234623033656638363861336230643665323830646563663062363339
38373836396161666637646364643434313935383264346333633361336531643537313866373639
61343731386365643662393266396462666365333266633737613062396634653966633165666236
39356137303532633630343930366230323835313933303636346662353936613865393830646561
65613033323338643833623863383161323930346664323330333433666532343066646539383235
37613536313339306232663834336534616132646332646131383462326339306435636562613532
6566626339373265336366346565323534333432313534303365
