$ANSIBLE_VAULT;1.1;AES256
33623130343338646533653034396639343332316130636238646430303262363362666232323631
3534306431646236323162303633306239373865656434390a373230613666353835383663663562
33663562396663626339383635363762303330346666646339356264346638663936336438323137
3838313532393033380a316666633064323231656633366564666334623231616463306263643330
36356535383937306533633962656234306434333561376530653932613138303561663430313635
31623230303531343536613339366466386266623934653034636236346431323539646135666563
62306134363863333438396637313538616631363537356531393162633939393737363262333632
33366430393835663166616562363832353633643965636437653863333564323538383032326263
35303663396537373763366538633936356135396238636663623066373536376662666437366332
30643635623836383237656132383461663431356132373438383737393834656334613036663030
38356538376637333062396438313434623737343565346131353562373535346562666339333063
36343539313364366662636365636239323066323234323536313034623634656462303064653862
64623130303438663634363165376566356561396239633338613666373637393937643736616231
30393563306666366234323835356236386531366461346233623566636536656637363836343330
64653433373435363538626264306331626137663736373036333531353135316566393938336163
64333332386636656662336639343563643132383033326464656539663161333939306232383236
37643135396237656531643935636534623332316232326566666536646165663763343065643963
37333937646234616535323866396636336338316163663366666364613264643261356139633263
31323165666261396439623033663137326562653963356365643630626235666332333262363438
34303262656638396130623732376234666262333533623232643532613639306664383466323662
38306464386238326536326232336632393435653432306532346337353338633561396135656536
35626433306236396463343038373737633436636430633733656131666431613831303166383564
32393238326266386632646632343665386666373266636339643436613261616665663337306330
31376562326262356162303865646162646432313865353664333936346339636433326263616662
37363035616632313433663230626431336639396339333039623734626435633261353439363665
32663064326230333938306232666539666231653535343534613638366565633539663831633136
34376438303966633466363262623035343066373663643937363766653565333232333038626466
62373331363931393338656637623363663839613466323438353431666133666162383263356234
61653339326433363539343639623262393537386634333132626533633133383930353564326334
63346536303764346430383032633732366234643839353634393337323832636366396239343231
38346636313436666437323937656466316261386162656532393461363964303536353132653364
34333435623038343763353032313033323738393261646333306239376330623165323931393464
32313935636262623737366463643261613437616339613164343031366132336539346536663833
30653565613564306234326433326533653936313466333566633831376136313432336438623261
37643637623763393738353839373332356239666132626266393861303663326362666437633433
34646339666533653362383534303665333938366431393335306461363035333337653466623262
35366533393831316636353334656538613534373464306138633166303763343965616132346331
63653439316138353638303636343161303237373335393934353032356162653261656663393430
64336134643765643565613931343233366362366639636334303034663265346362376334326637
65373838663664333233363833343230323534343539343462383433323237373166393139636236
32633863306663353634653931613938393964623435353230643464623835613665383938303566
34343166303163663864376661643364663135633632356131376130326135663038336530376433
34626663613735366337336137396132626361383339326633393335336361366530346139653564
31343062393434663637636266663763313335356461666561616230386633636132616637383235
38376236346632376335376361366564366130336563383061353239363935393737383562326434
65356338643566383135303566323063356364643937373264333561366330383634653363616239
61663038653735373261346534303162393638646138326432613032323262326664626364386239
37653438333665616362646362393838343935663232303264373231383361663661353538613931
31393930323134323735316665303637643665616162353362313363316232303335303138623736
32663435383765306537643238383930656131353132663033623966353432343132343330373864
30666365643566336531393662313834653338393636646639396461663961666330343230386437
64653334333930346632373161356130386334326566623036373834636264633437633036623563
32616431383131393038313764313130666362353134316465613335636131336361346661623362
63626332356638313965393362663230653763633639383831383665623464666433613630393839
35363239396234326234666633356233633831623664373137373462393432643038373132323863
34313638396533323363373065346366366461623934336239356137663464373836623065306665
30353231353436623961613038366238623436623861363831633239393439656436336138613561
39343066386432613133343565343031643431666532313831653137613537666535666235333131
62396139636632663232633466303931356430323639623736646435386237376338333639356161
66316663376433643037396563373864353930326636323665653631396465313962636536326635
61303234363139613963646331616361313238393234346663626533363630313838626334343632
35333032616162633364636366303763656236356665386430626136356634646262623934663934
64366134653365636663613630336334363539623663376431616166346663336263623666376135
31393635363237663732633436366435316266346236336532343662643131363439383232326435
30376130613932656664656331666636363433633737343538626630323562393932343866383765
32383232633733356438323461393166353863356436623937653831633464643034306264333738
31366664393438326638643437313130646336663631323238653130313831373939363263383931
61303334663733636633363831343066623137376161623638326161363736343064396231623039
62326535336330353339383831313333636237613664353362643031353035353236636666633533
62376462373262646666623765353936663731363132383738303465623039303537386236313732
32376431313361373239666566346231303131646434313930646466666230626563303634343930
66366638636464336530636332373436386166326463353633353163333066353461666165613165
31313036323332326361363230333564363939636234376337326462383866643331363939356338
39366631646530636134623266306234363434343637333235366237376666326339623132353534
61373538323861646563383565393634363938363630366633383239366531666338313062373164
62366239313538643164303933303061346236633132373064316466313161313535623232663366
38376334623339636464636431376135323262656532346264646466623266373831316132343432
35363364666235306339313034376534613364343238346562636665303435376563383336326664
62313234303261353463643830613733376333313264376166616565316330363733363631376335
61653566366336353134646533343936386462386266323638643466313861643661623238373231
62383933393036376339666339356235623561643833663864626239316631623836363639323762
37343363653232333336633065613161393836636330373063366131326435383330393738336134
38346632613632616462306431663263643935633565316535346465316434346166366232323265
33646362333630313830396666313039366361316336346633376530333663323133353062323633
66393362303066383232393430323537393633393335613864393161623438616363393331363366
66373265353663353162336666663463353565383438363066633364616332336262343263663362
35633263373631643238616537303364376465653035646263376437373232343834383036633065
61643664336131303039343631646238366337316631323464343561393434356132363035613839
35636430306236646534363638333734363032376430393236393435326533643431366366316536
32636662386265306162623962663662363462383332313237383931333561646338326536626637
35386463376438663765313864623034333534396130623063643633646230373763343639363138
33326265353230363533613235353864313563366239393132653736636330393730616465393764
62373763353330333765393134353765303333343535386666366238306562323833303532616665
38393163326466323737373864613464393633346336653963373430336537363731303431653664
37356262336638353930396165663464366537383737626562633532666461623938333931656230
38316136303063383531336461303835326564336662313636366439663732353634363738396134
37613836323666396331623165626336333166363732383063623664383064323432373763373630
63323637376464356139646263666264313035646638663065386136623765356137313562306638
32363133363536633731663764646338343364613239633237343635613930393664663763303433
63306461343039663336366236336435383265613835653963313465343835373839636636343439
37363839373862383964383163623863303464333836393030356338643634616134393338343862
39613637376532626430653038343762613938306662373236343166363834373537306365316564
32303931646535656565323461613036333465363037343930646439643438663461633066613565
61373733343662353236316264306137363836343261643437373865396464366438666434383839
65343130366263303062316131663166633061306465666464313461323636353466613530343430
36333866343361393137373734373365633165636566313862346365393733316333333061343039
63343234393563343938363562346337313537383966666564663031343361393733643563663734
30386636623439396338306166643433616531613166383030663562616434323232643934373865
65393365336166656336353732363361653536656535363766346330396635613138343061316331
39656362666631653462383930396631333436663762366232366237353935643266623238613162
35643766646461343661303030333531313332323835386334613961623936386432373365643465
62666335653336633265373935363332623630333434376264306161643965313538663937643738
34386436313063616634653033343938643064316434383264313761663739646362323037316538
65363631356538306463346461376464383865373661386530393330373764646665653964343863
65663331613639323365373832323838383962633166356330386566313965333266306531653933
66643030353731306638613962316437356537323662373931343132653432396363306134643563
30626261396139386230366163666362373361313237303335313664323038366638623162666664
64333261653334303165666134623565633937623963656539366461363263303734366661353236
37393837626639363231613065303462393162396466303266353138626635386665663861333139
61356162306363643537316334633132623465306165666435666465353936373737343564383732
63643436666330626264313033376335656666373962623466633037376235323832636638336236
65306439366634643439646563343964643263653961613963343362323862663763303039303766
64353566663738646463366664636365373734313566326366343037353665323430303036336261
63356337353936386231396438336233303961656666303530653833363037656535353862653530
62323238303139336363366132336266353264326266636434343330653131343165326636316466
65613333393462396235643961653136393036633435353165643931303935353331383833623531
61373330383566353463323861363764353430326162623835333230386532383764363662653038
35663938616361343335643364633861323230323665393364326238356539326231663930356436
30356237303461356266653633626361363134356463363138333766643636366333616333386139
31623630613530373434626233666135316562373139633838666361326237616433366166646337
37326262363937363033383264386439663531653464376233643062333531306266646431323131
64316634386238623135666563346237363662386365396435646562333961363036383166346436
32323134343334376131323465323637343836633663656564366262313638333962343439323932
64386465373336346162326132313438343432613536333931643631303730646435393332613861
61383565333031353564333535366130656566643138646538656530333961396431663031636139
37343638306662353133666339626239616663613632303935313736643232323363303136626162
33336637336363393063366264333261323862663633343732303736643232623639343764343137
36333930626462326336623730396465656437386637633035303634663937393937393665323661
63366633636237343036346236323631633231306337613562396330306566386664366132356661
36663762646539633462333735623964623239343133353864613435356537653166663935663834
36376535366462376639303834663566373936626364343366396435333063646338346465373139
37366637366465613039633737623965326362383234616564363137333435333563313661633566
63343065366464626135363133616566366237393036343735306166343735356161396262396365
39346366353864303262396331313133303633643665633265363031343038346535326166313738
63383163373035373037316431303566333136343565373961616335613463353430343733393733
32336434656533363862343337326332623565363365333762386438616436353131626636333764
38643930303231336630396331663633666631333637303835363661393539623639316565633832
65633864663332396332326163336166376439643530383363636239336133396261356163663265
63313935623661626361383730313837333434343031663762663263613234306462356135636639
61333063386138323562376535633361376330356464643938363734356363313732373939613833
37376435326464366661393835383836653233326263316462323530626539653239313864643061
62313436313764623061366135353761393763633434613731343331383731353364323932373432
31353239313338623330653364366339633365303664636162363431613764393234313765393564
37316239303263316333393065323934343764333137363663613466633133383564623164383339
36316136313861616434383035306139306330333639343032333264376233646263316230316562
36653135313434346335333133396463353438343030623133303436613438613035666130396539
31316234376365633165333237373738346236623537636337666431323336633436353137393761
64623835353637646532376361323034323138626430306331313262363762306430353337323635
65663965316566333837363863303639646133373462666634386530366439373765646230616130
66653439386262393435363638326262366637376562383661646163343366373938613438323034
32323630313336613033393839656133306237306532333065313434373161326362646131316163
64653334353161333837613235383730663837613333646235396333373135663366333532393563
62396236353565316432303561656462383063353234333562366338333665383561666630336461
34623564643438363435363431653631633534663061303163653031393532383062323161653939
39623839356537373734323339643639666636636361313737333939316537616366663432303235
62393163353565613036313339373232666134313737386236363531616266386262343933306135
34373730623733656635373263323665393735633631313934623138386261326339353434346366
31633432303238333236633035346238643235366433323534333361626464306662363138633835
34386433323735356230306534323737303463366632623330373436363265336330623164653063
66633837633838326536333135393261336434633834613063373037623830626664353535353135
33363238306534383562633663396261306436666563656433326631643031653034663165633230
66363662646535373634333733373462353932643463616662653566633730636439343736353833
31343631333664653834626639363534376633323034643864333438653533626230363532353663
30633162323432633738323633646663323630626438303037626133343539393934313439363130
61396463666436633137643030646636326165343137376564613035303732343231323366666237
65613830376439383139646539653966353333396537393562363135656666623039326439623535
36636136313835623637343033643234616538613861346435623465626165326239393731663530
63376561356336623139356337623939363531333163333464343765653064643631316331396462
36393633386431353366313133643630396364386233326336653836643233326133623436343733
64663036353239303063303866663464363665396661323533353332333539316633336436663964
37356363636432383436346632646666656434386334636436343561373331386238313336663935
33333436353134626265666365383162663663316361613237666136393166373638353332353835
34636433643039376466343361323366646264353165343663323363376463353933316639396362
62366532656639646333363262663231666336356530366362623761656166303531316530373634
38333764303862353339653561653838316339336661623163666134363439366535306130333163
36633630323465646632663831623531346133393432386139303133646664626261343231363733
61626363353434376637616465666330333430313333643138623037316638336331356665386233
63313665373033613963666664646333363561316236383264303264656333333932383735666466
30313133313936633636376262356463653431386164373361386361633532383634353636323965
65353332333662663038363838636263643035633761366433646361383334366133313234323061
36343262373064343933333435353336346266353438613435313936306161326464646636313031
63643935313565383633326631366237373166313738326332633664353933656462643764653032
66663234306632633133366565303233316434626363363231383462333634383838323436663237
32653662353364303331353065623466343735373837343730636532663565303566326635643961
62366465333639666531356631646133343137646366316632636436623535316263633061336633
34643037353930633366653630336566363666336461313764646462366431303662373833616131
65353237633461396663303065663761363637396434643139316164336638336130353038666431
31326264323332633634316432363661346563333038313262643939343230313234383339303964
61346262383435633261613439396537613138373963346437306165663536646534336361383161
32353830626666663363303538366461646561613261303834643536616463313766373862316430
63616536383535643862343634313666303565336232613330353664396433616235353630303031
39316662666662366439653734663837386535616435653264616465383262313561653330353030
32613034323634303338336631366430366135353734616130343339343537336131666334363863
38303464353839383266666331653365356161386361633430373732396562633336333536376161
63386533633031336539633238623665316131646566613830613231636562616362393837616139
62383462333062393735626434316232326136316566396462313937303632353430326130636466
32646231653930653932393931343037303735363661633965333236346639663635663138336265
34366161363864383666376663303964366136393937323165623433366230636662376438393338
63613861363161356637326365663339373538626463643864653663656464343365643937346662
64313939323833653066376630666137643238323731303563363465656639336166623163366330
31656533623233373564376165373036366134343166373335313632643635376231346561613634
35323962393539336365373236623563306262303333356433393839373834656236623837386439
33323732333462656437303237386462316562313632303938663936313031326137663062656531
63393234666566326163636534303166653061363835623865633833333939343133643732616638
30313234366461656462663763356335613566623130303737646636333462623664313634373334
34623231363065336132666233386534303764373333613564343034373461373136356535396530
32653062643635363337613733613732393763336335376332323161333738313365383965653266
66313234393763393537656332303032616366353364386333643163346461666334386138616535
39333561336338666566336338316138656163303164363137666137393837303363303335343066
34373262626366396261646564333138613565376630613033363431343736613361663036366639
62353266653636373035353237613938663361653330343230393465326562336564306431306264
63616134343934373933333461303063393832393439363839656231636635653966346132373262
39323366323739343139386430373738323035623434663030383837613138663437346536353461
39643265343137313637376461633938653464343730623762306633386135643033323637323836
39656632313630303165323831336433613838373065613837376236353365303739346537336139
38633930343639656131383965386130323830643032363736626536653464313862643766383436
39313761663764303830663364613665346361623864323636633865343233333864386134343661
31333930376666386633376562626463383066366132393937336236613534363137376139323837
62653432363937343739303465623934356530613365623830363838396461633935626430383331
37323530346466613631353464376532363232363136366231336464373038373362393562386239
37333439303436383535303633333631356366373732323666646338613238363832326562613236
31633665613664306132666531626565376133623366363339376533323834333732643961393265
37313032363261306230323036633938333033613335633661383062373264613963336461366362
30343862326235373738646539626366656233353933633631656137353066613437343434363362
61363233646363306435393531313862353161636361346639653964353238346533636130353465
39313334363338663830346466393836636365383261643563633265356230656461326237613766
37653062643661646132393936326238353030323039336437626635303135656565303633653438
37346333386633343363316539326639383333376161313961346236643262643465303535356433
39613161313234616231313866666566653164393265643132313766343035333665623761353263
31623039353131616135356639363735656361663835346538376138613635303866333734656233
31396539613464653563633861383862393733353264373463633066326263633936623361373165
64626364613833313766343236326431633534353032353864393238363632656335313732653238
62646336373338633063363934646333363063623436373730353034346265393562363666313238
37656465343832313063346363666262336138343766373964353631646338653436336137303933
31623031353832636363653934636530323231613030616239313134636162353536333431623532
31303337313530616364346662656531666266363930396535336330386664643334626639313635
30633233333663626239613331643537633533356163343030633635613663353338383533356631
61633965336361316262653834663337343462653634373631333966623466666636373063313661
39613364333864346337633565616235316265633265343933396331356630333038643662653731
32653364666638623539316237626435303366346533313935343432333061363630333832363031
63663338643566636332346638366332653030663665613663656238316264646561336334633862
66353864656530633230343432303336356131326631386639346539383363393661346131643162
36633436383762343938346136336566623039613161393735353538393334653530633665386131
62363339373761646134353463643037333930623239613265613238303766393837653365626665
61386130363235646266343431336265323137326563653638663535396363663434313136356464
34623663396561666138343135303231616330626139633831363833343933363039643661383038
62316536316133333933623331316637616332663339653562343364343939666539356339373837
36333162313861326634303638626165626131663131346366333561613030333238326338626461
61323865316561373433646530393539316433623832313830326233393266366533323964396237
65396264633261323765663035653065636138333335623864373136333638393336326232623762
63613363666635636637326434383564333133386263343865376132396335646230373861663431
35633238663437366134646331343838313332356565613833613066373832616361373236333935
61333134366631366238623134626563633361346434373139326636616261613735653165633862
38383537323434323734653066393363623663663932306632356464663964373963393133336363
62303962376464636432396439326235633832613432383136626636316338363731653538653933
35633432653830373963376632613539323639663336393239353634303836333638356661343563
65376463613265613736616333393831316666616563303764373539663734303034333039653162
63663661383161393937353233383762653232336632643666623661383330656464343132363961
36643638366136303537316636623034316265373066643630656633383466346564643232663766
35616635313539666637353039643531333838356634623737363237396361616162356438616130
63323166376161663166646433356534613934663562303037363432643334623265343836323864
64373966363263346636396364396633366333303837643035356265656461636264633530663734
64643630333135613234636638393761373065343136373162336366343935396436633539303435
36336532363530396561363965653430346662373766336365383064373631346233653939613235
36356637346135616261313639336362643263313266356232636665626337343539313634383861
62636231656536646333663438646564623565663962666530353438653534366536373462363435
64396362396231646166343538653138633064653933316538303938313234333535623565646136
61663564313538363939643833656630633431333035366362343137333964326433353561363964
33663138306639653237636566646361303138656662343966663034646664643266336262386264
35333930393366333632393164386232313338386435393939643736333436383864366236376331
39353765393639303839346161323264643033393534326632656630396435353161353030663032
33373232346238663834623561653966346661363834393932386435623738376264363863306463
39616634363139623363383838646533653432653335636665373564326538646632386238393462
34666666393861353437333236613664323463316630613239653064333034633364663836363263
37393538333566656339646332303764643231303563373137656265336339373161323162393363
62333434316266393666313864366564623430613166616431646334633763623030306365626335
64363435333236633538643762613935613661303431316463643363613433373536633939336533
65633636613533383665356561336333376666653564346263393830613466393239663963333934
37313866653539643130653832336438316634306232663663363462663435333035306239396563
38343035386131633039316532336139613563633138323938646663663831316634646134333332
33656434643938353161353437373661396133636630346436346331623738636137623732373439
65316235666661616436313734336138326430373861393861653734363434613030623034623735
37313864343632386364353233323761613438666462626461363434353566653864666536323665
38366234376431346437343733336162646165343164663062653333373134616137613264633335
37386566646430663165633265653634613436613634316437366265633264653433663436373064
66353031373136336365626131633263373762383263623230383165646435313539373633306535
35343765303636666430353063373064343761306665643737626232363562333335353263326265
62393566646239626633333866333462376238633033353435653734343433616131363632386531
31663163633663356165356166333532336563373363303564346638363261366539616131363238
36663163613236393230633533346361663433646236323736633039346366643737383630373566
36613635643334376338656230303064386338326534633033353035343632623765363537656261
63646161663165373031353338373030663365633830663562316262626363303661613837353033
34393136343437333338633636316465653533653230306434646263363566356234613863343236
36333139363233326336376465653330323163353539666365643165633962393763653964316533
38666361363833353764663262333132383230623961373230356539316331336466323333353663
37623033333537336433383132633765326533623632636438386462353134653561613561613531
31366634366230663563323961303763616231333162333335393165306135353532333966613539
34616132396638323333323034373535663533333662666566306133326131383638663330353761
39333861646466626635646432303330653963316536373431393832303264346331303962333862
63303330326264383238303262383466396565393235613363643764336634393066373734333831
63303166646566656331376464313537653235386137343865336637396137323535666266643930
31613036663137643539353931376239333265333832656263623739666639353063333262373036
62626234353433353665363263346635393534653338653163633230353239336337363161626161
64633261333634663761653737313033376537326263623463316139373764623133396366373936
32323463663538666232363763633632643530303166663564613233633834613031636536306237
34336565393235306363393137323232363261643134356466373434363134366433623837333163
66356633373136623364333839343539373235323539366635306361353139643762643035363533
38643361323835383537323430633763626464306637366164363334633932363530656532303432
64623838376165316165356462336165353762653034353661306530653333386631363234313938
35343231656566353531383138333035393634356133303762633235646636303739333764616637
35653766326335376339383933303166336632383261333132653732336461633037643862633462
33323531636365303031383165666666663165353932653964306633343166396266666530386137
62653464626438613334376436356262623930613631396664303430653965666265623238356530
64313634623335393564653037393466383063393939343862646663373235383661353933663563
30636165333366643264376338373730663562633436653166323835366365323937643637653935
32656433303365353533323034636532613730306234396231373235336535663131323937373836
64363933623730663664333966376164343135396537383034303732363434643535653534623535
61383766383837646333613039663139643761386535643539356366333863653035313465396336
32353738613937333932313030643133366137346633386137633363326434356566626239636333
61363163303539306233663134663065323266306238626462383439643431376335363962663262
39383331643235363732316634343432393036373063663437333134653561633131663438626535
31633464383932326266623832393539373936333735636434313536356561633937613839383632
34316261396635643664363036353633636132353962353131326238363535623333306137626236
38643531643730343361346136383465363736623138323738313538613432363838343130333633
31316263633330633839373232396266393462633766616431343663323935306132626463663438
31616337653430633439626563316332303234316630376134333534383835353430643838616435
36363837613432666532303666663765323266383862333430336361646237363533613239343736
34666261636135666139623437656365653635636237373433643236353965346231623532366331
37333861626235313765336333613333356330343636303264663264376362326235386165326262
65346433326232306465323361626339373933373866323732643838383837353130353136353361
36613838393336373261316161363631363539343439323763636638636162666661666432383331
37653831646135336436366135363166373833396436393766663835383639316461373439643639
32333638666262623131396633653561653139656532316238353532346565633039316163363632
62323366663030343931633436393036363336363939623537313862643664633265343733393839
37343763366239643031343730633434643666633163323462356564343932326431383532346530
30303039313963666137653637343238623937333262343531363861346530366464323733623239
66643131363765656637373066373933326336373634646639376462373336393636326231386135
66343836356137656233626236336237366535386464363666643135396166613761623734393035
65663735643463316237363033303737326239383634666435303364636233306331626563653238
30613238313739336366303963646234383965353934323234316336656565333264656235333437
34393764323038326138303935333035643165376438616435623834666362356565623337626633
33393136613066303738
