$ANSIBLE_VAULT;1.1;AES256
61666230653130656265663966643463663864646538646338383836333137356162346138386133
3134366437323464663834333332373932353530313530630a393831643038643764626232333036
61393565366261656236643166643735326461623034663462303233633061316537313533623332
6531303462623366300a646533313138616235326563373436616237313265656637313935656637
34343466643839366430306237626534663061613039613930343130346261346338333232376636
35666162633235383833353535346533653838346563373837393630633565343461353330326636
30363630356238343765393932646433326239346662356461626461363935356539613865643835
36393462313439373430666263633963663966316136643065366363653866643139356632396438
62343965396536393238623533333734623938646462356161306361396136383039393836636339
32373161313136666232373464623336343739653737356637643663356166633330386336353132
33373237323036333563333765393637386537303163613431653439343338356436646565633130
66323739303333656564646663656639653436636538366137346238336364313962363832616130
37333335333965636534653964393865653134373837373839646432626233626566626566353665
37643738633032306362313133363662306539323139633665396630626266346162366639363965
39396661613932356165326636313964356431646236333934386262326664316333363839336133
31613837626434393465656531363532383836333838666237373462663061313631366133356266
65383762323461313366626638666161393564656138383133656134386134626563323131666639
38323566353738323232303234386162363033636565373164613866363463353961616464623634
64336262653932396433383338626430306330373536353536383831353237333432386431363734
33663134353662643863396366366532366166366136373231646130396133303064653339396661
32663635313831653235343639346265623465626433616232653931303438323162643437393037
31623534366232623032386564613234353635663464323937323238323130353536396464656536
37343662306366383962643930313162376232333266636532663136666161353036666366316136
65666336386539386164623535653664623537653035383733653537346539363764653336633531
63646532653365663266623865313063666632643663643030313231653933633534306134313530
63623439613263303564363161393536306631613039643763616235616436616161373535336235
35653736333762356262363832633532306361316530333365643361363663303865663438313063
32663662313031643631343638376561623033303837393338666164636337383765666237663736
66633464333330623063303763373333303566623266643866333233653333356534386635346364
63346230656439376438366231333461343432383866366164383037636536653966303632633434
32373563323236366632386536633230636132366132633763646461303130353637323539363665
38306531323538386237646535613330313733613831363135393933306161393662343365363830
63653733316532323934646436316132666164303933396137306231366235356363373033663734
66656232346666366532316430643364303032643464343632653563663738353233363736383266
30356663363463346132346639373462303065623533343066666339383266613032303330336164
35313665633866383762353465303232363339613934363763306135663431633737653061326439
37353735626363383466366534316432623336613034343065323065313630346132306162633733
64613335646263363637663066373635646430346664333433643861353165663431393738356162
65303764636338613739323266373534353833333136636233336632316431386339623731336239
64646664343961343636323239396434343734353639663666633261333262643637626663646337
32376261376432653437373632356666386665376361323535343331626532653330376431613032
62663430386332663566613866646638393365623339316137333561626436316662616661643331
303462303031373030653866623036333038
