$ANSIBLE_VAULT;1.1;AES256
62643634366565303364343631336534363037666637663762653834633061666266303435343133
3931366263343137303763383933353161636162343064620a623031633536613765663262333237
37373437323231323836653566323230353335643839306463393166373539393162623730376130
3865323164393737330a343239383865663461316637356637663536623037383264306132666238
64333764303263666333323636343634366432383865393038613337393435376631326330633534
38363163356663633930616135363630363836643833356138656232306364343466363339373635
37633066653337656238663262656464343533643835653765346663356331386632303438303437
36353633333035326536363430343866653664373132646338306635376439396632346130666231
30393235383462323538386434383132383936656264323930303961366464663739306361663431
38633361636164326638666263656637613931613139396162626133346539626238323636646439
65376232373235613561333436363139333639303233383532636339303664306364313863323631
30333933656430633334326238323534656433643666653736643831323463343431643232343333
38323833646134633130353461653039623233373064353039323738613537326134383937613761
38623939306637373935343266376339373136313035343633313263646636636335313962313737
62376137306164376566376462613835393064333362633732633562363039643163343638653831
64353161613634643166366432303432373365323464616539383866363264376639656438313133
33303466303138353563626664353836326139373134623437393536323833653263343739353364
36663636626231613633386636623337376464623830666638646266653531646561333262326138
61353166383261383132353533613263346339613866643830623766393231346566343031393566
32353038653463616364326463613533396237323236623636663465343163333430356566613636
39626434643566623531303662636633343834323336333631316566656238336562383566646633
39323636613665343633613263376666643362626264396261326134363666646466336331633633
38646264663138376139633061313062393262393161613930356131656637653666313637643338
62626636383962613365323634323532303739626565303837326532373666333637643663336163
35333038333332643363376464336466373734343835656233383739366433316232323363316261
39646536346137313838313634383538366138326563643239363030333130363266386162383933
64323064383832373162666634306362396165373739613366646465343833303762663638346237
32373764323263383665626537353934353361636366346332366530666634613066316630346534
62383333333833343637613931346634386636336364346463616239343361353966323865353030
39383538316466656135323931623865383335623063356232353136346232643466396636623763
38336338663361343966333134303961396663353231613466303539343464626538393633386465
37383063346331653339343934646463303261346230383631313539326466656166303665396535
34396639313138393463613436343564353462333466333962626635333466616666613839623131
64376364613531613063663132383562366463356666356235346330396230633436633036343133
66626362643863303434323765373038616538646437626134656635386463666333373736626535
39396161303130393234303637326434646132376339656338323835666265396330313230336139
62663131396262643333353062383736643739343630323535383638396261646638666538646239
34383636373161346461313466636132616533336566393333343635383861313432653264633866
35626564326635626130613365336661613733666261303036643133336362353162303035363964
35363337653535306366626133393832646262653631373261633735656266306231356133353364
36373934306363376363383766343131646335333830643536396534663661656633653335323163
61613838373762663434306238393632393431626532643961646332613730366533393630636133
38316366353236343737613838313230636438643761643735393939646263366564346334383765
65623165396564313962336332303632353732383962663231383862363235373939353966633065
62386562303338663561656264313163633465333034656233333836373333323561643932373838
35303037616237323734316339363866393136316637316438306232643431306535383438636365
64376335613266333838366262643631333532396361333466613633636564316630356333396436
35303666383064393761663165363936643030303436363065336532336462613638366234333563
62313734383837653864663630616132313038613930666336613336386566393532616164383831
31636465616234353963303564626637323038326661623136343836326430336364333664373663
64653537353162366663346362663734393931393961363865643337366564323535396466336362
63616464643564343263363632663839626538386331383461663764626262656337373430616535
64383265303464386265636438643561643464633835626636353164373036343161616161313534
35633039633765623662303861323737343930656332366131663233316564363965393034653137
37303937373337373638363864313239353166383032316661646564393961376431643439356435
62376136363236613230323538626337396236323662633066303236663533376637376634623733
37376335613464663961343634316539336532316264363034346463623633663331666231396135
61363964363265306335663939343434336530656364646130316637636630613132653235613037
35323736643166316634363037393332336262383035353037636237376539626566313063316234
39663461323263313331393361666437366563386162373838343661663431623838316230356563
33653934633438663330366236383832306433373164333535333731336432363130346263613566
65663632646562666631616665643563663238393463626532303463393763643532326539393863
36313364616564323234363162643833366666386533326232373364633536306138336335303561
32306138363133356435316564613063313136323262353561383536336330346463343533323631
66393366623036633732373165663963663938343034363737323964623030653636663961356266
63386465623636383462323162626630383238613665646264303738636138646335643531623665
33353337663966336566343438333136656439656639393261666136383935393263636661373865
39306239346162616633366534316166336132666536643166623138633966636332666534613539
35356661623036306464653232646361373039633966323130346230643665313065663161393136
36666361386135323930626563623634643538613131623862323535356265623539646634376438
66383035386134336561393163666533303163636439316331646438653434393564633036653966
35623261396231636531626564393565393532653037383635356335333436356461316135343464
39616237666562363264363139366137646437313936336366373333313364313831376533633636
66326637336337653534643064303866643664353863656135333232333363636136613230653162
63366534326134623936646133366130363863366162323666333665663439306630666237393634
33613666623535333061383263626465373563643562666638663062356161393530343535656462
33343565386237373333333362663130656235376239616262663136636666363531343738616131
33383031353837643234346630326632326463613066393737376530306137353930313762663439
62393132376333313763663461613937643235663632666162613537353231323639653762323463
61623636666131323033663662396665343662353033313162626533383635636437663736333164
37633362366561353065363637373961396161616636316636313033346466653435356265653134
37303633323838363733343837396534363532373162383863396530366437613364613731633837
31393362353961613162623131316462313231313766366162616337333735643735323930666161
38383434333265383261326532623137656232623734636665666537626362363132383664326465
36383361336531666539316262313533363936353662623830333736343837616264623131393434
35636537316230353130393238333432653231333163366363396361366530393730376636656337
36613136343662663235386136663236626230623161623939363638623663636337656137613762
37396537353931623563306165663962396464666265623363323432356530616532383262316133
30663061636539666238653537373063383933656433616533653463663963383434633935623864
35313662343737613336366566363635633234643737613564396661663865316530313364393362
31613961646562643134346630633466343132356462353433656264373664313939346364663736
35663831386463663634376130383939396132303532626235663432366163333665633139616163
35643262666461396638353961383533383432346666303163333531633532633361653835383537
37663930313762343231353436393831653033353332353132373662333935376666373931623133
33663732643438303238636532313362333965363665376638636130376463616639656433323435
34303764316535643863306664353066383337356366326235646436313336346230396539313133
33666237636139323830623862616261343130376533393461303362326462653533353137643863
36666234643864393932336264363732626161643636326530303638363961663636393831653333
65396662656265336230623039633432323832333832616139656532613632326137366337373965
33336231623038656239376331383432663334646433633861643937613531353337303166363939
31356630386435393834613634616662646262626333383038363966636161656239393130663232
65633764643163326265303766376533343736373963663835663234303436373334653131306234
37383261356639613834363861333230353966346133366535346138366534643332346666626661
32303265613235336633333439316332323030383736336339366261346439356231303965303764
66363633366138373538623561633333323466643538623962313539343632646661643664396662
36366136343533396230646466626632613539353662313735663632616436373465396264363564
33343433633365343538343163396231363462353839323465306639346636383432343938393162
39323861323963313163646535376231666636306264663330386634346431643431666431653635
65346130663861663866326436646236333235333639663461663932623964393066616132343663
36326664313034373738353563396535336330306336343565313063366436633161363062616133
30333935383261306165613161353139316134366662633733386435366563316565316136326462
34616662376333643538353533663462373732663262306463373563643937326461626234323137
38386331343163343935376630666337383434383837306637633430383366303464306534653565
35306662303935373631356161313062383933323137383534376665383138646263323062356334
37363561336237663537336539373832646335383632343333363934313361313732303163356263
30363436376234333938356463386662336365626464393230326337313230303139336263326231
30326137393736363236656435373032383131313333326338343163613234656137663664633732
33393134326631383632623933326235626432356166383866326339343931393263326166656463
62363530343763373230656261643161633031323862386435663565343030346331396362303063
61353265306537303335303063386237316237343464636263663465343538353332333938623739
38303330336463616564393531353662633266326662323439623065376639656261343361343263
30613961336166653561313135626461663762643432356362303333643361386163653331643830
61323966396439646365636439393234366263313463363233396566376337373431383663623865
63666432363232343739393032313837306230613135343138393661306465646539313132643566
39366535343763363536303839663963376362386461353332636233356161356135373938393532
37326233623139383132633461336435643266386638396438356535646363383436396364323861
37306636323630333734663766313661613763396138333866343932333461646536636362356134
33313334333733653939616132366533643663633532373933393538396163313334333134623338
30643633373861386639366563383938393366643936613461303461363434356637356434373364
34393835663636613336623365313535363565353265353732313733623637623239636637353335
35313863653537336435636636396364656665346436333563613461353735656534663366366437
63653332633866343234653037343238363437396337313936326462386661313931633835303632
36663436383366653363373335313939343132353938616231373736343135383235653839326561
63623936343830643861343933353736353937626266323835353439306133633630386661623562
62343434363734353365623231376465383762363964363534383734373862373138366537373337
64633839653438373466393339336136363665663134643535353338336237346434386161643939
30393663663530636438353832343739646634393335343935303534656135323563336564343131
35643035613331383938646662313661313165613832306239343437363431626665666536356339
37313530643137333363313164636132343338383963373130356130363762633933346261343037
62303063636363393164643464646239313833396461366461313533633865376363313336643539
38663361633734316437663237646239333333653836306566643737626362643637343439656536
30353266313937333861643532666331373666663738666638313439616234633135643264316364
36346631313733393034326363613634393035633732316234343666343662386533363036323731
63353665383562646363313262646239346132323564353737663437643030306637396235303931
32393632376638663932323038396531313762326166623535346462383163313039396364373534
65326533396439366232303230653032656232316333643139356262653361326132323130376136
34333566346630343632343961633332396433656431613037623430616461636161343836356663
66393362323164663733306133383763373430316166663137333131316539346639353433656136
61386466643338343632303930616439633763643035333062653631643466343232316434656334
34393262363561353433356266666366303166633663323630613861383863396534636162643839
35623066656263333966336632313435323037366532656263663366653234363132376438326361
37616166643337363534333338623361376263353237303764363939326435333436613462353130
34333132633130616361356433396430656165643638343638303939623066366537663334363835
61653238346262336664383036633538623834333935303734633232333930356535323334363663
33366538363263376565343235653431326337656136633662376631393338306336316663353865
34376232313033613233616338643638303232323265366630373339313838653037303936666463
35623338636464613637666261323262303331326435633763353632323430656635336139373462
62353532303036323937383465373963373235316430616233616666613134653938323434643134
37356262396233643737623661366564383064616133663539363362653530366662313964363439
32343133323731343039333961643362313134306466333035626230333632383263336638653864
37323866383261633434633138303936663162633861666435346339626537333832393666326438
63646436363635643835626630613131363238323530656533386666386133636236643839363264
39613831623935346162613565643332336530376437393965306233386533636236623762323236
61646434343336323466353061336665366330363163633730643961663831643833636661346138
33336364393562643033663231373761653432613762393338353438356633626331356466663562
38643036323665616531626236393963306361316231656465613733663763393363643634363934
61616433623034666561646562363530303561353335353536383766653334396631663933373939
61323033313539393961663034366238333732316466336632373134383737343330313138306161
30636633346132313630316564653661663534376432356638633462663863643137316263323163
39343037383161653037663262303462636462383362343139653235336436396264313933613337
61333231323036313264313664313465373834623261626533666638323161393735346162316431
31613130306430323331643239336538393461666336336433666165343266666239336337383432
33396464623462313365646333626335313634616335633864336432613566383532306537653935
62663539393034616131346339636539353731363833306465646136643139666465376137383961
66623334626236393166396632356461353733653731353065383432656261646436376364636665
38336536326533653731306132626162623263636563643666333638386466646666316433616462
35396334356635323338373631383839633736323438636432353162616638373931333737313430
30303561346333646131393038393034316139656539326438663431653338333066343838333233
64326530396435373565366134396131636463666364366531633763363864373432343431393038
30323833613531656431346333653139383364363438656563323434336263336437386366643862
35643230346636633463643564613733346238363431643461666532396434356337626563623761
37396464336435313636613537626631313364623334316330306361353266613262656637616134
66333734326434663930646231313236643738303332646435376164613566373531643439663430
34346437373236353466326565313565666435366561386661323130633931643632306137323135
61316336366462653539373766613463376632303239373732313532383863633866383534636263
62376564616666626665653231326138656162653563346161323535633362663336343935373537
38613637303335376661333263623638333766353563313361656234303534623139346234353831
31373464343233326137666130303632306361393037303161343730316363623236643531303234
65383831333136663938396661393434633337363338343834383963643534393137346430313166
31353032363639356131306437303564623661333331303434356661653537353064633964623730
35333935656136396331323834666632653438633531343766393637316366646234616634396138
39643639386131396164326539323361633036633266393366333536623961346535376438316335
37346266383766656538303232656364663839336431343262656535306637353635333532383564
30383034616237386366306262313339376263633361303261323861663965653238623463656638
39656635663838363466613161643338666238623331613435383835633438353137313438653234
38343533633563366662343733343538636133643361386364626237613336393465613261616431
39386133326335623433363465616331653831313664383065346565343035363532303535636536
34363365323163333761323036616261336232303734613135383430666361323538313564313230
34643038373138666436633264326566316266646166303831633839373766626139386330396566
37633432656463656264626433663835663763623932343736653532306161613165653534343434
63366364633261666137333361393961333164666336646334353132306339343363303032653830
39376565353565313337376633643338626461373036633965616339333462656631346537646663
39336632376162613234373530323562353133316335653638383465613038656663366138393164
64306539326366383630343531393231343136363638313862316536663032663031626338623032
33353438616339333634353131616534323666386464366663353436356237396434616630363638
35336234356236646564353961633739353761336266333731373062363737373535306130616135
38373661636635376536363863613261646435336135303634323363366439653538326539653538
38636536323036373532666161366465663532633862663731326166376631363439613337306537
38653732333038643832333764633233636633653634613734626432666662306137636638356334
38396264343636356661313939626339643231626235376239326461336464383735666434363234
36303331386362373137616463353036383237646230316562363634646534353962393638336262
36326639323238376663333330373338656336633533316436333331666334323663613638643638
39643664343763633131376464336339363530373262336332613435396434323336396532366261
62383064623436373064373261393631386363383165623066653761306435366464316135316534
36386434633333383138623939396436373066323463643065663434636562326365303437333437
61383566303434303466396638363032646532333861393839626234666664613662326564363066
38306563303265303631646139666237353032383166333363366464333936643434386138633235
38363563653632373333303836643732313863636630313531343861633163323838623965663238
64623664333736396163383966366564313533306639646236326331366539633164663831636261
34626161623137333632396264663837396361393366616438663363333461626533636433346564
32376132306430366531303034656130353866323136396430343063306533393639363939613535
66383665316639393336626666306331343636336432656562373030326538306533336237376238
33666461623235636462616234616363386138323836336331623264333032326335346333656630
66323836363364333161633130616133623034303830656336323733643832306337303934646562
63343331343766643730363038656662626539393939663936323236616437663138666264303437
32316264303934373439636439613065626366356331633164386138363035633633346361633830
62333039656537666566613930656666333034326330663134366536643732656537306334356461
34396634633566363336643239663062333835343532623366623065323637316139396235306662
63636539623537633839363437303136383234623831373631303733306336333961393331383630
64646665356365656437326165383437383732343830323031383362393163396465613832303634
31663335663966353833623462323733303332373831376534303230323930356339366331376630
35656532633031313361363064383462343836623863303630626636333164333364306665633239
31643932653663396265613331366461323361646262353065373931376537343639356132333734
31633964313536346162663061326335383135626161383238316136636338396430616565373466
36346636653235626630386161313961663862376461323861326164663135396436663135353865
35623033316233306265346263386336633730316163623432656335666231636336633934363539
33623366323639383264313333363731643164363536393032316664633261313665333662383063
31623735373734373663306161656139376439646663396334343735303161363531363538343932
33366133643436313437633230366333353664373638663365376438393731306130363832666637
31653332353531326263303236343238363062356636386162663430383836663830333433353631
36393463316638343730656361666161333061636236353463613333376464343966643031393931
37353439363939323933366138393634356636653861323539393466656337353735666539306465
61316665313565373034333461393639323633613339343566306338333339623662353230353463
31356261326264356330613831393366373266386439663738343735393038373731643763383434
65326666656163343435326435303434386233306539333631343634366166353535663264396633
63323732623430633737653961376634623339353432393036663239336163616363653538396365
61366434623261353161376238303231643033656261383538313834666236653930663934646135
62353663383238633839643137633433396163653564326639336336333965366233326262323836
66633830343438313263373033356561336464383531346461386438333965343938613233366333
39353661663435656630373338323739666135623563656532663365646161326462646666646534
64373738643237653463636337303432646261333531643439373631303263623663383136356238
62386539363436626534333734326462643764653332356633633963613535326532613933643965
62653538333639616630663130343733386264393464373632643331653831636563633036346635
66313361383838653664316266373132393663666662396263656563383762343661393835363534
62623932666132326131616563366236336133346563366666613166643861323437643164633664
30353030613361333762646162643539303064336135343261373964333439373861313835653863
32396433613835316533326539303333643038353961383834653630613837333431313831636161
61316563306635356234303562386365373236666533333764353138306631373635643466643766
63623261323063643839653564323531303863336536383735363363643064616535646636336436
39623933323333343165326661326633366166303265316662383834646463623839623337333965
33316463393364613933393639343130333161313066363530383636333466383939323734316665
64653162356333396139373538663439353161353532336535666365366565396232613863653936
37633232353034303863646264636166366534363432373362643432633630343836656563666161
65363430666563343339343761316265613835393066343139393933336566353531343639666435
63373063376139383638663061313163666263333639306235376637373935393436353734646531
32313639386136663433663065303066633561323664363363376636356533383435626266613533
35656138653537373462396234383966393934373832623435376433356564666238323165663034
39343762343165333636353236396633303937363066356530333965623832376662613963383139
34633230323034316437626162383137626639396435663564653237366139333731383337363164
36663264366266353966336462626636636131666430633530396631363265393133353936623634
65666238326335663138386438373435373931633732343630383261386263353532353531356163
32393063656235373338313636626133313866373838306561303730323038663038353538303364
38636666396236303235393134666339383035363639633939653666343037643930653136356236
38353035326262303763343835383936373630666638313165383564303666653134623635376336
39363362643062656332366563626339353731656439386539313730393132313161663633623233
61663361643565386535326538323431306637666130326232333133383337316637373032306330
30316132613232633662313361363036646532306334396461623737363334323763343539333037
38353538333331383338643432613462373134633963383139353435663433643236346238623764
37353462303064376636323639646530383632623766376633316338626434663536353937643433
61636433356164313431306261373166643832326430663738386364653234663565613762316164
39343438326239383934336232643339343635663938656664393634343031646263653639633366
32333730643063633164316361363563303161626430633165376564303630326662393162613830
31363033336537663232303833373031656131323035623463343632323132633630633836303966
63316631393233376262366661663538323333343963323862363439623665366535616332646535
35613634323063633561366162303766663861333637356134303732323234313138353234353264
65633234636433666131303133333263633130393065333930303462373233643331376433323637
31623735366633386363633264323139623563626331396662653562616136636561663737616362
33313635386666373638643739656238643166653837646664376464663336373664626530386630
65333832376637363732396634386664396130633764663662346566323264313139623865343039
35653565323566653934346466353230393239323864323866303836343137376432326138626535
61373131653331343963616364623538656666383766326665363238363334633835656365653334
34633064636539373131653332316138643765383564656531643038323562306237366135383266
39643037346133373533616633356164323233633535616639333834353064336462333637366331
37653536666162623132333135643438346138356539343737363836636266373863313339636363
36383363383463326332316637313538623830636266656530336333376538316638343663333931
35353433306438656636636361363935633539363335616438313363343735313662356164366639
30336263393230343738363537383034336136643432613337313765303662333533326165303864
63663937346232383733623166363739613066353262306563363931356232396263643333383531
65626136353932626632356135626238313866306338396563666362343535623163303135323731
39643534653561383064633335366338373438616366623535303566393034366532366366643630
39326531663764363338386238353939633433393966303763633232393230623664386338613362
63613261383661663566613339366633333236633663356531616331326263313232633438613835
65303430366564366265383464623034336164633262353339343062656534333766633733323762
65393634393837353963656636393235656139383836356134343638346363343731393231633032
66633865303431376530343335333433386164636564393938636636313766373566616338613631
31333932356431626262343032373933383461323665616639386534353432356438373138323831
64366265656237663535356664303865386163316462623533323135383134623530323036613436
63366661613365316664373432663238303337346466323366366532373138366161623935613339
38636433333538663933383464396434623265326663383531323235623832353435383935663539
33356138376631376430323731323537613264393430346666356631613836346165393532646634
63636432333234353563646437323833303333623538656330376238623134656135336633363732
66343532333236363864356137303939323534633438353462666235323636366132653663306630
30666436323934373462323665616164643332323837363361353834343432353363636265333637
37353565666634613461383861376666333831396262653061653539343430323036656263326334
61613463356162393031376635346139383635653862393361373665323030383030383035616230
66636234656336663666346439373038353061396137306464613732643464383939393061313462
33633931373563383834383233623830633135343331326633613564616637393965643064383637
32616137366566666664386165633836623866613930633366623466336438326434303736303939
32376333373632373535356530353831303966616134656238353463306131373532613635353065
63353834326230316364353762333366313639333963636137313762303066303033623831646466
37336365336662643362643565623461316130306634356534343563393234396135656462383766
30376665376134613531346337356466646234646136646562636533616631343735626432336265
31653132343463646166353630333465373335326166326461613466623233613939636562373763
66376165313330666431616461343865356631633832663064333534336362336232653061306565
66303163383461313030373035656563393339666539366137323133316236363863373139653937
63313636326331356636386332333330386539313739396262333863336537383533653161396135
38343032663266353331613136623433646532623433393733653432383566346330636361646661
64306666363934383262366132386237306239633365343335373534326463663736626634666430
33363833663962396466653564636139626630366261613637623336663462343964656165333639
64623561323538336535323239336366643064373539323062616139393265613931346164376637
63316135386332363030353263636163306234383863663136623430396230663034613164333333
31636561326637323731663637633837633236666265616637393834363762366565363735383465
39393862366431303432333131393730353263376533623433373932386561343237616263633039
64306631633663623439396563343931373435333036376564346533666438616665346232616661
66636164376336393237363261303635386331623162623735396365303137356433643339623732
62613762656539663937633864636139326363663466653265656136366439613338373664386631
61383036333730643363643263336534333962383233343230663638366233393064353062653566
35656466623934363739363865653562663731653566373765383838353233326661363734633931
37306163303532373966306439373165663631376137616237326230663639616266613935643662
31356366623535346339623335366437313538666435373230633036616331666436356262393535
32656636613636323661353734623666316430326330333132663862633834613036323530653137
36353265353165656534363236363330393632613566636334343631613165363163336334623334
65363134623066313135616536623538336464386532646537653966383965303166393432363130
64343066646265396635323436366464353064333036353364393434383536353436323131336137
32333735623361613765613062663837343466393933386437386564393832353266616632353232
66326261363337386465616133316338353237653238653731383961313437663162643732313865
33643139653336663038616665373830323161393565303963323031656232383637373037386564
61383239333262306662663734626137373637346337373062383763653761623536663965646634
66353638663035306638383231353232656365393635616561346138386461653362366431303232
63636437343662386535383763323966613836333530653436363062623365613164353461303130
38393164333030306136613133626636623166636665616662313036643136613963623066376562
63373834363339303839313062316163666465626437636163353262623263643839623333353136
32306334656639333864303531303132613037386334633961376533663062393162323239613430
31643330303964313034653765373265643861313366613636646634353765303965623634396530
32306234343130393964356230383261633536616137613165313536363637653337333431356230
35373934303464316231363565353239646333396164633065376130353361623563313631323966
30336338646536313230373964356238643238356437656234663739386532333862663338336438
30353630393834316139636435313332346536666337396162393263353630656537316532653237
64383035623561656139626234376566636336323761636266313130346436616131333236663136
62353633363461343063303165623264656536383762383635636534353862646535323837376664
66386330396137346136613336666637323234383764313038643265373637626630386439393261
37633931333165613939343334323761376131346536343136313937383233646235336362396530
39366539383532383736356533653634323833393863316635323839346663306432316630336135
33386431613032313336363634626164373964633966656264336362643031393536656461616131
65626538623263343330346132353362383132333136313638336636646138346562383063373433
34373066663531303636373731623632653062333537313863626130373233366638303433313239
38633233363661616139646463373030626432353131333162623864636263666438306335386536
32336432653233663163393138313130333737636631616163393561383536633763633363383462
66323739613237633532363933613535333037646337613233653561313863333933323838323861
32386232366230373339616563656133313037383362663362383431323338383735313232643433
31656261323462633266646239333466653364386331383932623961353862653264373838306362
31366231396530316238333966643337653961643439393633333432353339363362656333303338
37353937316234626534396234333230386130343237343337393537316339333934363931396466
38343961383838393863366262626465653539303137646663373431393662303636666663616138
62626533373130633561613338653932643938316431323634303438396136323530613466363133
36613635646333383135363931313635353964303031393531646336326462616463333333396535
37383065313338653730646261306330653562626137336134373863393434346564313632623339
34386665376665326463346664373635613663316433636135636331373766636265666364303466
66343166613562303462363766316131363035393361326263653565373034666434303861383439
37363538386238623033396530646631396635316339643333643165393239363762323864326631
31373264326132383564333337633332633337646532383539393931366435343230333339663735
31663666663739653264356635393566313033336331323632333834393537373737346663303935
39386136383362356462393632386666333336353932393134313232623638653364616261623562
61646137636330313265643630386461653832393763393635356461366566643236396361346566
35313139663136346266656434666537663564306362616538343462613966343030623165353431
61666439643566353965643233623633366137396265643835343535633436336137623562353163
63346265663231663434616665663630306335633730393562643538313935623861383365356331
37666664656262363661613535656462386664663638353561616363663730383637366263616535
63303137363239303137626138343765333461333737393939326462343438373965653739666463
63306630356163303939623162623936656630656339316465326233323339336433306364663031
65343964653938663061663730356264396538323963336132393631373832303561323564326431
35323363316566636130393233623665383334373762383864343937636530353639366338653735
34376437363235366631336563663936323935353331616538323266383337623862653963333265
37626432383634343466623264623330643932343733356137386233313833323935626230386235
31316134306162303338666264393963316433313363663738376437633462383237343166633163
30646166366536356365373436646566356462333866303861653132356531353033663964303231
33313338343433343231643162396132373735623262366264386536666635393239376538323332
33626537376163306531363534663638353333623732313361326437656238616231623132313866
34656337636234363235313364386464343833626562333164663734616235353932306261326338
39343530626162376432336336623466653034326265646137353734373861323434316563363162
39626438626335653430636637343364316436386635336364303665616565646531363239663866
38636638393839656536643832306662643363636637323739336665633937646664623333666233
62626338393063653566643030323862326534356337653130643961653439343062303139353363
66383634323230663962373765363738653133633864616361633434336665643466306639613365
62313264643131666366643232393838653132383135643538323965376630386139313832316137
63386338386531343835633466656337633632326139346661633062383434316333363431663864
35313435633735663232303538396133353735646434616130613539316436663931383865396335
33626233646531396466366233323966376261366163393366646565356232356536313166336338
30633839373265613263656665306132383438326139383538326139666361393864393564363034
62626562383239626233613762643664633563636564633237616136336631663466393165633332
38393936393766303836646264343033353537383237643766363064616537366434353263636537
63653866376633626166623730646637373664663839623662363439333131656334356637666633
36653537323535616330663730313963663766376432303866393039663430353562373835306531
39396336626430373165306432356166363465393234653234353434326335623137623531323531
33353630633962643530353033363135336166613565656534356161393161663562346133376136
61663531663534626232303634336436363861313335323065373961333264356262613635636264
62393463333561306133663133663938303365323535396564396634656564613933376232363336
61666333656662653331633066633964376663613333383661613361353737633131353732356661
62386265326131303131643339343530653237663639623930393739326235353538393133663435
62366161346361303536383734353234376433653838656134333939303262366434333366363932
64316131333236383966346535373164613466623964613561383835393432666163636233393834
34303361626664643264333036623332326430623932303363333430363164636336623131373633
376436633930383363323030316364323662
