$ANSIBLE_VAULT;1.1;AES256
31656339363132373037613331653063383666343766333837343633356536386432353130393731
3631313564353931306565663266353066366430386236640a343838666166396261653563366364
64346464623836306562303437393432623064363133616430376161383062376166306462393364
6166613764613538370a643131633334353331663135666136623131316433346637336534333536
39643862663137323030343733303036663065346135643135306465643237393730623536643562
63343631336136653033333166343836383531616634623838363432353139633564336665636637
31653837363931323064356233353362303330393137653739616134373561663865616631363863
62393833373434383439353765363434636432613632623361373632626461336239313434326465
64646632306239323363396236626465643330613332633630393636333166383736306635303738
36353131353335393931663233363437316531376362306262353866393737336565633936636232
37353563323638363836633135653630663437363866303331303832623930633339326261333538
35626162393166386161643535366535633230316535326636303734623363366438313938636262
66386433346163393835326438656134353262613739623630336661326562663030326338633938
35316362393737343836633039386332353030363830343736613232333332333964663765316261
64653538393164656634373764636431623561646139306638386136353534343838393430346661
35633365396361636361326636653330653363313736653661336431643737626630333834366435
34363061316263643837323939326533306532363938373036633462626163396233306362643565
66373863306339393539623138343738396639333635323934303032316437376536303466333432
62646331613834353233643439363366623363323564393162396164393364363364366337373830
31303266623966356439613530646439616337393562333931636264323636643264343063333564
31613034353739626636613734323862666562313737316661623364313837623863323663383530
35626433363862336536306234356534613332343632643138633064353736303533623132656361
66646135386263346134333832363330646431313537636134626434343234316231613162303064
33373630303961376236393031616136656436343863393064343864643534336234363236663537
65633731326261646430616434363133306233386161643731656232323264653164363566373337
30363831613433626331346536666264326334373435383034666639356563316139363537323163
64366566373134666635373130663039323263313731326263376163393138623731613265646163
32323939623466626636396138656166343866646265306162386432313962633338323462323938
37653864666461353539653965373231616535653336303465393362316330626535343334393166
35306163363433666337383636653637373064373532386136643766386264306338386263323562
35663961396531366636623364326533636130313762303063373937646165346130623339646139
31383061343531393037326533323335316635613537663766616663326230623364666230363434
65656639666331636131383461393865653835616662333965663639323738326237316133663136
34633961326264316266333836373763623237383066613065323933643764633330396334336562
35653936343839663538313630613635373133326232356636313036333237636132653830633130
66386664636136396365643337353030393838623066353062653939613336633734396163623766
61316434336164646233363634386536373131336630623336313030623130356137646239313566
66633734613730336361356537333033636238313664356562376262643730316264393232323363
36303937643361633865653330633861623666373136663765643537343331313266636136353932
34646365663761316337643065373665333537653033623239363733333232373566666637306638
63316164653831336264396365383632653565633031623430636532396466313638626234633035
31343865613164323263326435656632626335666438353034633934653234656133643033646339
32353230376537383066376432323139363535333666326461363034396364373837366461393138
64353739633130323230343963626561396336393134636631353661363730633465336431323236
32626564663766376166373834363666343734643662663464623262626438653664346566343631
65313935616166653032383933303635343830646333306332623961383833636530636563373161
39376666316163343932313834343764656538393362353332656366656134326235613830383261
65313730316337653661386137326134396232343331373935393635386531623233386536646164
30636562643235616337333839323365303330343333636361316431616466323131363133656563
30343235363265343461383662393439346535346139336463323435376530633265616561646362
36643163356366323435386532343032623165666336366531623935303465393737616564653561
32373066636535313138393531333764623332336137346165313963336430343635363130396239
30343339323766396338323736646162396461646231643231336538656438356462303264393865
62356634373938373437613664393362346431623139383332656163396533316135393261646432
31326465633265363433323832633839666565613435356366613838613163626636333631396565
61396666343965303132316462396632663966313832613862323738396564373030626663366634
34333763653266346666303631363938653831633530393665646233616566353131393566383765
31383261363532396331313263313934383839356433666434323166383361646230313365313037
64336665666538303561333863363731646261313466383530636463376265343431613937313566
63626665653862313762613764366366316166336433363636313861343065383938343766336134
63633133313930383463663337663461333732656363636465323037373637316130656637363631
36306636626261656333336563303635353138643662313566303931343231376166626237663837
66616561653065613266653836333832343065623365366632313362363864653734343036613731
34383664363633393732313165323336303961656239343231336531383138333530346131646263
34303434393465613933316363666362636434303235666234346237346537343833383738386133
31336632323039326231626339636234363234633635383034613465376237396136663336353434
35373239646230353539313932633137626365323131666232623035643161313166633435303433
61656463666132666566653737633833613564663564353938646436393436386333366466663161
66633763363634346431376131346165326662346661653762653661303365376330373631303433
37636165663038393536366132343665353961333236326234316464653461653133303938663563
65373732636633336162633332383864613865333266643131376462356562366636333839363936
39656535656638353333353832636333343162356131346531343166623636383836393933646364
39626534646138663536396461303932333333626137313131363231336566343763306564643432
38613433343161613064353938633437313131363930353664643364626261626231666264353561
36626266303239326161346533393032636335303735303438613263376532393635636436336465
31656531633437396631393634663237626637313464373162646365646366636532323665653839
66656239643437343264396134396536326236616334376566636462646364323432366431383133
37653237383633623961656166663661306561343566343833373461343863333463393966306462
37653230616535616164313231653663373366303636363634623661323238316238376430333634
64623838326337303230333062363733616237366463353238346461636432353562313166353166
33656465333863333132663130323037303530393035366531623662363765613963346139306335
36373737323538666439323236363465393933636365636664613964366662333766366136386334
30333966333035363831336365633863343834373133383537363836363865303266663465623966
61393863316463663138326230616139396564323238376365636437343234306365323261626564
30316666396634396534323630373734633064616532363832646538396564363233643035396437
35663035636435353365396639623265353637663933666534323766613962346261656130383632
62626261313165336633313334393133373861326165333766343964626639636539356263626437
38313365303834376661376537313733636138616365346232343936346636633964323137343766
36653831363965666562636433616237656335626661653566346236643132336634396662616661
64353139313865353433633965336432353437643666613263343762326136663766613338666532
66376136666635346632303738616263616337643330663436303735386232333333653261353631
39623632633631333935326630623637393835336236393236366435323636626262306265353061
33613262396361613933663631366362373530613730396562303262633230383139313534376363
37383630323339663434356665636530396261373036326336383861373961393661303632643737
63383832363231373132663263646331303230343834393133393962313464616233333937616230
38613237313232396635666337613930303332396464663462333238636361376136386233623466
61613266303334396534613366616134326334613333633463333739643138383531383035303031
65303661613130653033636165366533363636656163383162323836646433373464623862656462
39306365373332646231336333363866383664353034663463643966643063656430323533626537
36346563313733363565663261626337626264333835346537663435323633313034313462366662
30356238643430343765373737323664333933383530343433306132353538616234646538613533
66613166373865626438386338623938393832663464313063666433313366336261373732616364
62376363636361613238353161326439376266636365643763613335626338393536653636663533
65663234633733386639333564333931653132653261613037656162373739613964633261666436
33393634343231626663643936393461393638363037646138323733316230353632396431333434
38633461636230316362323966613932303032376636376538623636613536306365663663393864
33316464643738363730613263623237363162653234656566333663386662636136613736663662
34393637663362653334393835636432363830613534303437653135363537373963663133366134
32303231346338393162343331393561646361313932333866663936313430353934323434316338
38363137323430643736386138633464313437663939653665346333323033623333613337626466
63316135616235646230386161333533666430633839333038623631313936303831373735333136
65393834353638363662356539386163613162613632653534653366626566346131336537653830
64336531306564366432363132623031303432336634363165656164366239393336323761356234
66396563353263616636363439356634663538656531353237666637646263333165653761363762
38326164376134366433643738346635666231316463353934643631356535666564336337373637
64363831323262363236386665373063336665343065313336343466303163366164386665396564
38393634366430386435666436383435303063373836303339326536646135346533363431383964
38383533336436366266323266356630336263633864643336346665613864333136616631653664
35353931393866353661626461643766653537616664336332303933666531646166633035646536
33353033383063366663303863393633306630346465363432333565316434363339373131333362
30366534343366343630616335623961346662616134636663333834366464626535336162376463
37363362333434323831636232326635363136656434353436666562303732363638336236643330
31356634346631326434313831373630306134353432303533333164333866646636356133393666
61336361383065636265363836316336313264376438303766383464613462353833663865376263
33383761343537646235643131646133366630396530356366373339333564333366636661323933
36656261333061313637646438383835306237636436343038633666643961393964303938666363
33623265376435653631663038353937636265393739383762643734333366666135313332303264
36333739326664363538316433626264353234373238653338313530326639333831623337346532
36623861333539646666363332373335626637376334363363626461633735663434356262616139
37656162376636656339393938383236313337653464376464333763396263316433623133386635
39396630323162373536643562306439623366303837333035353438343363336338383961373864
35323537373433346661316331333464376366303562623035303234306435356333663439316538
36366465613330666138316262323836663265623464666161386638323963653831326637353732
61373966643239346664333232626535646432303131653232643566643935386635623364626232
62323162643837616531636661306533363337653235613165343735653936626366663866326433
62316136613331383037333730323337346366646463353131656534316330333461656433303130
38323738303839343334646164343464636166393337303666613835383030386637323436363564
64353038613636303236303032653662366539346163306361343231373038653364613230343331
64343364333634363639333361386166386663363039353138303233303537356461376431353831
62643164626534666536323931623937383730653835356132653337353931643537386665343830
35323265346130616462623162366635386637343936343238616163663364653733633364643933
61643163663362313230333537313665613566353836313632623535643365653163643730373962
63373962396132336638303737393266356264383534663731623631656562613639336462636437
64363965656330633539656638623333313436633565343738393764636634356637353634303534
37373765643233346238643461393864353535363639336136346535363162373831376638363066
62323164383735343063613061646638326539316234353734373134356635393837306435656665
39613031626436616139653762633934333837343139663531373635633065386365636264396466
30613733353535663737383465346362616137383834613035663934323364626433313732613033
36633133346534646238666564313165353564396334306364613734393631623966373133643165
62383537326239343666653766376531306637613535323334306132613130393638336562393236
66373436623736396362356332636439613132653031396662326336663533313634663739326533
65336134396130383830306231393563656337633463613538346663353132316663613839613465
62656365613265633964373930366465333762633336313363393835356263326632626634356565
33636463663732363638383339623430323762393733653061303537356561333835653830313966
613166633932306530633639343433353662
