$ANSIBLE_VAULT;1.1;AES256
65333431653534303462333839303233393831373664303661376335656130313662303264663139
6466356239666333346235623135666664303863663832380a383530353931666637366630626362
64353761653339623865663936636463343063323337383335366233353964633238633739643835
3930386263313661370a346336623434333763303064663336383763356433313734363130316531
34643462376138336232383739633636666534343838383537383935323065353533656438613739
65306236343037303763353063333661633633383033643430346161386532303339653066363230
63396139613634633535636638613366376665316230303737646466336130346466656262643534
32666461656165666561623531643963366130656664343031316337633362356537336130306337
39363636356134636238373237323834346631323632396639646438666130353131616163363735
30663938656239323365393166373337353535663430366638373132333430633365336639383136
36353839303464303661343430653833383261636562343366383161323161396536386166366564
65326165356363373335656365356561333037613936666462363336323962666635633739373763
64346565323536396463306438643137336461393533323431326462396533646232346130323361
33363530633439373564383637323732366566386564353162666332303837613034373738376461
65393961666538386234363562353238393037613364353930316365643863346632663564323034
31393661646636353838386161333361636233333262303836366566333166663964643739653839
32633532333261393039623265666166633637663236343461356539323930626662363431666161
34633365636464353732393066353137636266306335343635626639386430663264663838333364
66656663616234383362333362323762353366656465373634613061396536633239306635306465
64366361373333383561356638313232623135323534663635626236383062653931386261346364
62316139653865333833396434306666356235653738376163613866373830333735383764313461
36346366373766346164333162353233383737363733353166383031633636326338663962343366
65383637616631323931323336366638663239643463653763396338363637663834623039663433
62396432633264633532626231396162613335343664623530333937343266336536666435663232
36663835663139386639626630656234663361653031313538636566336530626636393236316266
64643035653731633036623064323235656539653039656463386562623761373364653736633536
65303333303733643063373639626130383836346137333965623265363035626238633930656562
30353564373863303365663761386331643435663563303737613730663632653765346339646562
61623833373663323261303864633634396631323635626432336433636462643261663864366161
66373538346565323334666232623566353830356230346465663633363432373834303230373637
38616635353061336461663039613730313433306432396337303961393531363035653039326166
33623139376237333666646330316438646334316135313133313936366565626363616463323865
66373264353730306539326233373138343365393735363463633035656232383237326234326262
64376163313462323864353034353163316561303765643864373630326336393364373437383463
33346463623562633237396432313661396461646466393033383431386162323236316636613232
66626432333164643762396537643232373937343966353738336164363934323364336361646363
36313031643731373262366365613937396465313131376663616134323766366535666431356665
38333966383033613131393231623435316263333766636366613531636633663931363034646638
66316236303261393566613036373262346564636265393261363861633364613366316633396131
34613266366532323637626165316161303836663762626335336663393635323738363564393432
65646333353338633638666234653862613337333734333032306632353232613239633530363731
62386539346338353937383861386432626663376537363234333463376364356232326430363964
31313366333963316534346238343232373436613566363539383831623032633262363161303463
39613663626130303935393331336337383133616263303435313361383336376636303531386630
34643132643334393939393133663632396534633137323331323236353133333165333864643831
63626339373138623030303130633437383931346334393033396231346135643764653439613563
30316437333537373664656465623634613430303466383266383566313761326131373366336465
38316564383033613037393534386265343731306238663566663862306461646164646139316230
66363561363337313765656333306237663935353965383330393832656233376538326162613034
30643839626434633036613533633937363033626439363039636437653235616534326665396134
32613930663839386436613661376363396363326562643538653034646365663635316166323230
37343136626332663333633662326330353739663265326331353938616231366333386165363233
37353033623035373431323731303531656633663234613834326333656366313363303432313366
33363265353336383938633564396535376434663532303138353137326339323466663036363933
66636635663232613534616564393133303932323230633139333736333334323261376564373664
61623562373734323434346135313965376636366563393064313434646364643237396132306636
64323866333665393133366338363662663835393031323638383133666630313663386230393234
66633266626333373161306130303934346639313639383565636635353161646534633161303530
39336565313466396665373034313535343964396466616333373966323563373937373531663033
61323962383031663737623462333036636330376364343463373362316366323534343035666237
36333962316235613930623835653365356566636532623237336261646565303164303261376162
34623134666263306339396637303732353234343530393731343432613364383161326236383734
64633563383339376637666366316635383166653636343936316635323131633034653839643331
30313336316635313530643134323865666239366163393231373130343733393265313463643962
63613263623663653438666639343262336264386662303666633065313135633330383237356461
30353866343266636461316362633262336164613637313339616334313963646362363162316437
30656463643430643839623935386639653635366338393966633935343539356130363939343666
36663861646438353461363364383965363662366138363237363561393764343433626430313036
39376336636665363563316664663733303365393639653635386133323834393736396362656437
61643535666232646336323031373037656462613837336363393538643436373365393866393563
63613361306335646533326262666464326538396236316634353965353266633738386265396331
33376630323564373337613733356536383535343530363166653865313835353766363936313831
62623935376232376333316562303139346336353639363633666364353062313132623136393364
36306363646537656133376234373337633839346334386536383033643134373234633138656538
39623632366631346635316364663164303266333361613462656137336266626236353536396234
31393161383362356562633266636661636364346531356565323966343833626231386535353931
32653666393166353633366464613261343032336163633433306336643761343934373661633266
34323932366436636262663266623538646634623431616230356566646533363533646337343437
34616164343063366464636564346636383235663833643365336135356166646238353333663838
62636666376630326539656637353762323935666666386237326662323132633030376536646261
37616135363361363035393335623935336632343837626533623636616131663030316134373832
66626637646263363836643561613264656662306564643037666532316565613338303763656231
36333938313066313261643065303034656631383865643861633930623534666536643839623165
34663863393966373038643865373230623866326463366661356137386237333462353662633036
31633263393634633831663230653735313532633835623433393031306366326462336661396533
63616537626165333630366137323532363532386164633135613531386235333831643663313662
39663164316232316461633639323739306366386137376366343438343939326234343236633636
38356531356538643161623164366365316361353864663438323233336635633632383537623938
66363331306361303432343233363034313331363431356165646239643464396136333364333933
34323130386431653434383461666266646131336239623863353537316234653338653964366631
33663037626562393965663132393861383239343939333637646566646638643034623463613261
37346361313435303532313534313966326235613563623563363530326466393435653637643930
64623963613939646461303830636633393938633836623962613732303336636464373030633636
62666562313435323333626465386431366631343661336235636163623233666533366634336232
66303337376133643432393363616135626166376161636135656664353834656330643865353234
63356635303737363865306333333937353364383532373362636430376433343266663135353765
36363661333431636538396166663839653536393735363530363036343865323233383337623438
32373735346132643237616631393430346639633766306233313363336233653762353634633366
34353237623735303638373765316666396166393437383638373261343931626539356263323165
35613336346463626139303933353933343762623065383634623262333537333761373466316235
37333434386634646565363339313666323837643433363635356430383465346230666130306339
32663235663166633734643933623039386634396466623165353437366132623333623234393939
38626337356330393830316532653836323663396633316333646234666364333839383536616637
39353533636134656135323334646461616661643065613232303338313137323236353939376436
63626564363763306361613532633537346231653735333638633061363839353832633032666335
37633161636333646635616637653032613763633566373539383433666239613438316466383965
32303132653838373330343632663632613033376566313165366131656232646531633465646434
64646430393737626263633662643833326161346164353666343561303032363438363461323935
31663133626335383330326137663330346466613561623935343038303334653163356436633030
63623838393731666438363263313663323335303566666338633538393238363961643335616232
61663066383531363237643235316332333232383061643930633963343833346630633465333537
33383161363639343265376363363063653264656463383839353662656632343335666561613464
63633433613561643065626263396137356339373930366231303235373935356630333732303136
39376635396236316564363362623034356664313534343839353262373466346134363165633963
63313637653634356637353665363031313062353263626233643938303961663538393366373836
37373536316130316635326531333334633436373132623534396536613366623933336439303264
39646664316166353137373630666632323066633062343730376364333363663065313637343832
61386539383861373966633735346337336430393663353432656635616362366439306562643461
38363333326133363131313335616161393335383630316338333661346638333739363761313731
38666539653138373232363965653763666333636361323739633539613733346639633562376632
65666661346334396361343534336130633065643031373666643835393333316538323864666533
66383163633466666336666264356336306663623836303537313566303434383137643838306338
30353731646339313762333037663035363664333466666339383963636461616536323736396339
36393565363439313532336131323737373234633765363838623463353633386163616232343263
37326530646266336534393337343234343265306263366231366264656365306130376332303364
66333764646130636532616339616562326661643738656233636431643535373063393961656132
39623534393666343664646636323234653739653031653835666237376665613464326632343630
33653333336137643938353331393434313432353130666531326536373661386430373234343033
37343536356337613133386137643631373332623436396236653735313437643139663736373432
61623537343638643364333634383737653134623433306230376561613636643962633730363837
36393035646133646338653033303834633530306336346230663763313034623530666166636631
30343763373931663262336635326238336633376130386336623761613534376161333232643365
64626362306337386235356264633537373862613633323439663737626637633861653866363332
33363963333031383135643237306438633135303661363666643330393039626632633762316262
32373437373732326230623730616532303532316435303365613533363138643839336261626266
33306662643538373662633432336561666564373964396530306564393836656161643235346136
63633730333136626438346131303864383164313762666164363739623237376230363130396466
35633162333438333562643037653731306631353031643835323563323530383463303361366137
32326263303339316633666232313162646435653436633061613237356166356333613233666230
36396165313531316462343033343134313832313739333963623266643033356565616332333638
36373438646130336636346365633434313638303138353962626239656162653165303562633531
32663462333465383162383032353863313531653338346662376338383833616665633037366136
64653030393637663563353264613731623561323266353861663362623237643831666262366335
35643531316238656366666233646666303030663336333530343637323166353364363166653232
39396333343931613133616232306236353733346235356166643032663463346439323963613638
39643534353062396432353938636565353561383966376332636165393135326439643634383932
38306231363938643263343730643861643434373034663164343330396636306464303835373766
66343533346262363734323531306163373765363938386638323533626366616330303234383433
39633638306465646664363862636638346639313632323336396664633735323165386439373564
35623731626235386536656438636138646133366633396266626465313363633965636232656535
62636331396161393237653032393066333362663466356433626531646364653835613132306365
61303433346235363230346438663162623263363635363538353438306561363333323935333235
65376163643166663564323465633831626639373664376438653564633738386335646563316537
39306461636532313462366239353939666238346338646461346237656434613633313735313237
39393462383463383730333261396464623830363432666464663862393561613135613937613634
63313230323832393666623263643535353037626536666539386163623130356437316435376539
31663131336231646361386437646337303635393330646266336630623733386635653632303531
62303461386530613831346265396537343362633061653139363561333936643064616163346463
33393261303633306439626237303431613233636638336465613838656663393266353134313533
35616131323731333165386233323831323639306430353765326130623637386330306261656435
36316634323839393333306131343662303337373464333361333665326130323733616266323161
64646332383039616436656263366138303730313965306663343336356437613932646161643532
33373830646336613761353463656463313732323334613738613738626132666334343265313965
37363737383962613438306438613561343135643432383265313134646266316566353363393233
65343832316234393335383532323763343433396564333361656136393762633961623963623062
64336533393865303330643539383636663334393234313738326566643438646332653436366237
35623336626235626237343935386438313966656332333162346331643362653136666637643730
33366161306233646665626137393366393539336130313830663963616630646235373036313036
62393066313862306338613331626439393338346633363566326635643564346630396532313339
66313633326338363330396538323138613638663731663031393630383936353335626662363533
31343061353532386231353662613365636133643564663934666339656537656161633462623566
63303033623838373333643462363531633631396235653631613665323338613165383336656331
63333430366433343931626633623363366539643537613537616135313364653739343464303462
63623566343462313837363764373464346262396461613733313965356239386665323461376664
30316164363437356139633437383963346431306264303839663037663135633866663133626239
38643237313465623632356230333138373134656162313434383638366235396565626531386362
64346436656530636637313339663461363062386636623038333566663061333438353861313931
30646230363764663861306363306435303761643465373236643234353361326432306332336637
32623732363865346131336665326165643639383932376235336361343431373462353566633433
63356530376636616461363739656431363533636366636466646261393265366166366133336436
32346662316233353632303739333466623337643437646465626138376462663330343339326631
32376463626633666439363733393564373330383963303862303234356238343033383066633937
37626333656534326161643939666636393966326639383261646263373631303730303437616434
30643436303234623265313933623130353231616263333061333334636461336538626532343564
31386530326436356165373537323831383234653336386235613934303865663033623665663963
30613638363964303462306461396561343133363564623632356439323833663266646235353863
64313736623930643934656564313664326333373037316262623561656364383962633131353834
61663535656438613637353465613062323166303338613235326538316433373333646337633632
37623132326535393764373062623432613137363034646466656261613838643364333530383462
32636532356266326364623763663137353239313535326231396538643063306331303837626166
34353366636535346339666565366639386432363736353963633731316638643461623236653466
33383665363166393538666661666566666161626465613464346435616434613635666432363133
65396163383963643238633961356138353931633534363832373636623830376366336634356361
35333437383936323536623133356237383835313464626130356235343233373166613531303032
396638363866303564396231353731646639
